49950
49882
49876
49867
49809
49790
49777
49747
49616
49591
49440
49373
49352
49120
49090
49040
49004
48995
48930
48925
48905
48893
48764
48744
48740
48718
48702
48700
48660
48652
48612
48596
48589
48504
48460
48388
48338
48321
48233
48213
48102
48044
47993
47860
47850
47778
47706
47554
47499
47498
47446
47428
47411
47125
46919
46851
46762
46752
46671
46651
46629
46617
46612
46568
46501
46420
46396
46319
46301
46288
46266
46259
46207
46168
46053
45991
45928
45878
45687
45666
45551
45531
45480
45428
45424
45382
45349
45264
45249
45111
45025
45001
44956
44929
44837
44819
44814
44809
44792
44740
44709
44683
44674
44672
44538
44471
44433
44368
44354
44249
44179
44117
44103
44071
44038
44009
44003
43996
43993
43923
43905
43862
43823
43769
43759
43739
43738
43733
43724
43715
43546
43466
43435
43326
43273
43269
43134
43125
43018
42842
42830
42803
42790
42773
42770
42729
42670
42661
42582
42480
42454
42307
42173
41840
41791
41780
41652
41618
41601
41498
41416
41413
41343
41324
41312
41302
41159
41155
41140
41100
41097
41054
41037
40942
40693
40684
40682
40549
40534
40514
40494
40374
40344
40311
40236
40185
40109
40090
40078
40077
40048
39923
39897
39883
39858
39841
39829
39778
39684
39650
39643
39497
39493
39271
39227
39182
39156
39083
39050
39038
39021
38967
38867
38864
38742
38704
38664
38639
38585
38581
38445
38399
38386
38276
38092
38040
38003
37990
37983
37966
37917
37814
37756
37729
37724
37704
37488
37467
37342
37314
37257
37239
37238
37186
37133
37078
37063
37001
36879
36877
36760
36756
36652
36584
36380
36330
36183
36174
36115
36067
36039
35900
35896
35826
35777
35682
35645
35575
35478
35476
35428
35275
35260
35217
35216
35129
35077
34995
34930
34916
34869
34749
34681
34626
34601
34589
34565
34526
34513
34499
34480
34464
34424
34357
34262
34249
34184
34174
34146
34112
34086
34038
33989
33953
33866
33827
33759
33733
33723
33601
33579
33568
33551
33510
33491
33476
33429
33412
33403
33368
33296
33253
33208
33188
33186
33131
33124
33118
33097
33072
33069
33005
32998
32944
32905
32901
32733
32697
32654
32576
32513
32512
32391
32365
32292
32000
31982
31952
31932
31887
31870
31814
31792
31762
31739
31630
31569
31568
31547
31537
31513
31478
31465
31432
31427
31425
31399
31379
31314
31130
31111
31069
31021
31006
30953
30938
30918
30891
30855
30846
30794
30769
30750
30621
30608
30571
30425
30415
30412
30400
30329
30298
30274
30267
30097
30040
29944
29932
29884
29878
29863
29841
29804
29799
29785
29588
29546
29450
29389
29354
29353
29320
29298
29241
29209
29200
29173
29129
29128
29124
29106
29084
28973
28862
28736
28683
28680
28657
28574
28458
28442
28381
28187
28099
28075
27984
27972
27951
27947
27810
27754
27537
27349
27253
27236
27200
27126
27125
27084
26949
26939
26898
26820
26816
26780
26761
26758
26704
26668
26568
26516
26432
26364
26333
26281
26162
26134
26085
26071
26062
25996
25946
25926
25868
25749
25744
25731
25725
25597
25589
25584
25579
25496
25464
25345
25311
25290
25232
25101
25082
25041
25004
24962
24882
24819
24809
24784
24725
24721
24715
24703
24690
24639
24612
24580
24563
24543
24390
24369
24321
24303
24273
24261
24232
24071
24055
24049
24025
24021
23980
23968
23942
23937
23925
23853
23614
23609
23602
23585
23556
23540
23471
23448
23409
23406
23232
23190
23153
23135
23134
23132
23110
22990
22970
22943
22890
22814
22709
22682
22659
22635
22601
22563
22549
22539
22517
22458
22341
22336
22265
22247
22207
22125
22037
21972
21900
21796
21675
21560
21550
21500
21444
21334
21312
21294
21286
21168
21153
21147
21136
21103
21030
20971
20898
20877
20822
20735
20729
20554
20550
20357
20332
20273
20211
20188
20125
20076
20035
20011
19998
19951
19946
19894
19810
19774
19744
19727
19641
19550
19513
19475
19471
19389
19263
19258
19219
19141
19134
19131
19123
19103
19053
19038
18992
18948
18891
18886
18847
18820
18786
18780
18666
18659
18638
18631
18472
18469
18436
18428
18257
18177
18145
18125
18031
17961
17949
17842
17804
17788
17784
17745
17740
17738
17630
17539
17538
17370
17356
17354
17330
17298
17073
17008
16905
16850
16831
16765
16731
16639
16638
16563
16531
16486
16432
16378
16322
16299
16277
16228
16155
16092
16073
15987
15984
15932
15929
15872
15854
15763
15581
15443
15353
15341
15320
15315
15276
15267
15191
15172
14991
14964
14873
14815
14788
14770
14586
14536
14431
14393
14377
14353
14352
14323
14304
14248
14186
14110
14065
14020
14014
14005
13984
13973
13902
13887
13746
13737
13660
13650
13618
13544
13497
13471
13461
13425
13371
13231
13188
13173
13092
13088
13060
13034
12982
12972
12943
12861
12847
12821
12801
12713
12646
12618
12606
12484
12424
12417
12413
12396
12141
12128
12013
12005
11941
11937
11881
11827
11751
11714
11702
11682
11590
11523
11508
11381
11373
11202
11092
11077
11052
10985
10891
10745
10693
10569
10516
10482
10411
10299
10286
10226
10184
10176
10167
9993
9940
9933
9931
9883
9875
9847
9842
9668
9616
9607
9605
9557
9544
9456
9442
9436
9390
9383
9332
9320
9222
9133
9104
9093
8923
8910
8904
8862
8815
8794
8745
8709
8660
8562
8481
8454
8439
8430
8169
8142
8045
7958
7938
7910
7847
7822
7788
7646
7574
7473
7438
7376
7362
7336
7322
7283
7278
7042
6997
6976
6969
6890
6872
6867
6819
6753
6708
6695
6615
6420
6360
6282
6252
6227
6209
6143
6109
6018
5846
5833
5824
5789
5781
5761
5746
5738
5724
5705
5565
5545
5534
5520
5439
5388
5279
5268
5228
5225
5153
5148
5002
5000
4951
4948
4824
4734
4645
4641
4605
4316
4288
4065
4059
4015
3967
3826
3784
3757
3744
3728
3686
3563
3529
3515
3483
3420
3419
3371
3340
3338
3282
3181
3129
3095
2985
2969
2846
2815
2793
2767
2747
2745
2711
2611
2574
2560
2537
2532
2530
2498
2481
2452
2399
2369
2330
2180
2138
2112
2050
2044
2017
1991
1942
1879
1830
1731
1697
1655
1633
1562
1531
1498
1485
1479
1459
1446
1443
1309
1253
1252
1221
1150
1097
988
966
950
909
892
865
830
817
805
684
657
594
556
531
447
383
305
262
261
240
186
175
