49998
49994
49992
49991
49974
49973
49972
49969
49960
49958
49955
49950
49945
49942
49933
49918
49913
49909
49906
49901
49897
49896
49892
49890
49888
49886
49884
49883
49871
49860
49847
49846
49838
49835
49833
49822
49817
49814
49813
49807
49806
49804
49800
49796
49794
49786
49773
49762
49755
49752
49751
49747
49743
49733
49729
49713
49710
49699
49698
49695
49690
49687
49686
49683
49677
49676
49671
49666
49663
49656
49640
49635
49634
49630
49627
49620
49616
49615
49613
49610
49606
49605
49603
49600
49598
49591
49588
49586
49581
49571
49566
49564
49562
49547
49541
49539
49533
49532
49524
49523
49497
49494
49490
49486
49478
49474
49468
49461
49458
49457
49449
49442
49438
49435
49428
49427
49422
49416
49400
49384
49378
49368
49355
49343
49342
49334
49332
49330
49321
49313
49307
49304
49297
49296
49290
49285
49283
49280
49278
49273
49262
49260
49254
49253
49238
49231
49226
49219
49218
49213
49209
49208
49199
49193
49184
49180
49178
49172
49170
49161
49156
49154
49150
49144
49141
49139
49135
49131
49127
49123
49122
49116
49108
49106
49103
49100
49099
49096
49089
49087
49083
49081
49080
49064
49061
49058
49054
49051
49029
49023
49018
49016
49015
49008
49003
48998
48996
48984
48983
48978
48975
48972
48960
48954
48953
48952
48951
48941
48939
48937
48912
48910
48909
48903
48896
48895
48894
48889
48888
48882
48880
48879
48868
48867
48866
48858
48849
48848
48847
48846
48845
48844
48840
48838
48836
48835
48833
48824
48816
48812
48800
48797
48795
48790
48789
48788
48787
48780
48775
48772
48769
48767
48764
48762
48751
48750
48746
48736
48734
48718
48711
48705
48690
48689
48683
48679
48678
48667
48659
48655
48645
48638
48633
48630
48628
48624
48616
48615
48601
48583
48582
48575
48573
48570
48567
48551
48547
48542
48537
48535
48533
48532
48531
48530
48527
48524
48514
48513
48511
48510
48506
48486
48482
48479
48478
48468
48464
48455
48443
48442
48438
48432
48415
48392
48385
48383
48375
48374
48369
48361
48354
48353
48347
48346
48345
48324
48323
48316
48313
48300
48299
48294
48290
48288
48287
48282
48275
48274
48273
48270
48265
48264
48259
48251
48249
48247
48245
48244
48239
48238
48236
48233
48229
48220
48219
48205
48196
48190
48179
48174
48171
48170
48162
48155
48153
48144
48143
48141
48137
48136
48133
48132
48129
48121
48106
48101
48093
48091
48083
48082
48078
48077
48076
48075
48072
48064
48056
48047
48046
48038
48026
48022
48018
48017
48016
48006
48005
48002
47995
47990
47983
47981
47977
47970
47963
47962
47953
47948
47945
47938
47932
47929
47928
47926
47925
47922
47921
47915
47909
47908
47900
47896
47895
47894
47888
47874
47867
47862
47846
47831
47822
47813
47810
47807
47795
47788
47781
47779
47776
47771
47769
47761
47758
47754
47745
47743
47734
47733
47727
47725
47715
47705
47702
47700
47693
47692
47690
47688
47684
47682
47680
47677
47675
47656
47640
47634
47630
47629
47623
47622
47621
47616
47613
47608
47600
47594
47581
47580
47574
47566
47560
47559
47557
47556
47555
47542
47537
47536
47535
47528
47526
47521
47515
47509
47508
47501
47500
47495
47479
47464
47462
47461
47460
47449
47447
47444
47435
47432
47431
47430
47428
47412
47405
47404
47401
47395
47385
47384
47376
47373
47369
47362
47358
47348
47346
47344
47339
47333
47330
47315
47310
47299
47297
47296
47290
47278
47267
47254
47249
47236
47234
47225
47212
47208
47207
47197
47195
47184
47182
47180
47178
47169
47166
47164
47162
47161
47132
47130
47115
47114
47112
47105
47104
47099
47096
47095
47092
47087
47077
47074
47063
47056
47055
47054
47045
47034
47033
47030
47027
47026
47021
47016
47013
47012
47001
46994
46992
46991
46988
46974
46970
46967
46966
46960
46959
46953
46951
46950
46947
46946
46943
46929
46919
46915
46873
46870
46864
46859
46852
46851
46850
46847
46837
46836
46833
46831
46818
46816
46808
46807
46806
46804
46799
46797
46795
46792
46779
46777
46775
46771
46770
46764
46755
46752
46751
46750
46749
46747
46738
46727
46712
46708
46707
46702
46701
46698
46697
46692
46691
46689
46683
46682
46681
46678
46675
46671
46656
46643
46642
46628
46604
46602
46596
46595
46591
46582
46578
46575
46574
46571
46563
46544
46539
46533
46529
46528
46524
46522
46521
46520
46517
46510
46507
46505
46499
46493
46489
46476
46466
46461
46454
46443
46434
46428
46426
46423
46412
46408
46399
46391
46390
46378
46373
46369
46366
46362
46354
46346
46339
46335
46332
46328
46319
46317
46315
46314
46312
46307
46298
46296
46289
46288
46286
46283
46279
46278
46275
46274
46272
46266
46264
46263
46262
46257
46256
46254
46249
46246
46244
46242
46233
46229
46227
46214
46191
46179
46175
46168
46151
46146
46144
46143
46141
46138
46136
46134
46132
46129
46114
46113
46110
46109
46106
46104
46095
46092
46091
46088
46084
46079
46075
46074
46072
46070
46069
46068
46064
46062
46054
46053
46045
46037
46036
46033
46031
46026
46022
46015
46013
46012
46005
46004
46003
46002
45999
45993
45992
45989
45988
45986
45985
45981
45973
45971
45966
45965
45964
45958
45957
45953
45949
45944
45938
45935
45933
45932
45930
45921
45912
45910
45903
45902
45901
45897
45895
45888
45887
45886
45881
45879
45873
45867
45859
45858
45857
45852
45844
45843
45841
45839
45830
45826
45817
45815
45812
45810
45808
45806
45805
45799
45797
45794
45788
45784
45783
45769
45763
45762
45754
45753
45751
45750
45746
45739
45738
45734
45724
45723
45717
45716
45714
45711
45696
45692
45685
45683
45670
45668
45665
45656
45655
45647
45646
45645
45644
45638
45632
45623
45617
45612
45611
45607
45597
45593
45592
45591
45590
45589
45587
45585
45583
45582
45577
45574
45567
45559
45547
45539
45535
45528
45526
45518
45509
45506
45499
45495
45483
45465
45461
45460
45450
45449
45441
45440
45433
45421
45414
45411
45401
45400
45394
45393
45384
45381
45372
45369
45366
45356
45353
45351
45349
45347
45345
45338
45327
45326
45322
45320
45313
45304
45300
45298
45296
45295
45292
45284
45283
45268
45264
45260
45258
45255
45247
45246
45244
45243
45237
45235
45233
45221
45220
45219
45218
45214
45213
45204
45201
45186
45185
45184
45178
45166
45151
45137
45132
45118
45112
45111
45107
45103
45102
45097
45087
45085
45078
45072
45070
45055
45050
45049
45048
45047
45041
45039
45036
45035
45034
45031
45024
45020
45016
45012
45008
45007
45000
44979
44974
44963
44959
44958
44956
44954
44950
44948
44946
44939
44926
44925
44924
44922
44920
44919
44903
44902
44901
44894
44891
44881
44871
44870
44861
44858
44851
44850
44827
44809
44802
44801
44786
44785
44781
44776
44765
44756
44743
44741
44736
44725
44722
44713
44712
44710
44706
44705
44700
44698
44697
44696
44685
44684
44660
44654
44653
44648
44647
44642
44640
44639
44625
44623
44619
44618
44609
44606
44604
44602
44601
44598
44590
44569
44563
44560
44552
44530
44527
44517
44515
44513
44505
44501
44494
44493
44491
44486
44483
44478
44476
44475
44472
44466
44463
44453
44451
44445
44440
44437
44433
44432
44417
44416
44400
44390
44378
44375
44374
44371
44366
44365
44363
44358
44354
44351
44348
44346
44336
44332
44326
44309
44305
44298
44291
44283
44281
44276
44272
44268
44257
44256
44254
44245
44235
44233
44223
44222
44217
44211
44210
44202
44196
44195
44191
44186
44180
44175
44173
44172
44170
44169
44155
44152
44150
44137
44136
44133
44132
44130
44128
44124
44118
44113
44098
44081
44075
44062
44059
44058
44057
44054
44048
44047
44045
44044
44039
44032
44029
44027
44024
44021
44020
44016
44013
44008
44006
44003
44001
44000
43991
43987
43985
43980
43969
43967
43965
43963
43960
43944
43943
43940
43939
43933
43929
43925
43924
43922
43921
43912
43909
43906
43897
43895
43894
43893
43892
43886
43884
43883
43872
43857
43854
43850
43847
43845
43842
43840
43838
43836
43833
43825
43794
43791
43787
43780
43778
43769
43768
43765
43764
43762
43758
43754
43752
43739
43738
43735
43723
43712
43706
43697
43690
43675
43671
43668
43663
43657
43653
43651
43649
43641
43637
43636
43628
43627
43624
43621
43620
43617
43615
43613
43609
43604
43602
43601
43600
43592
43591
43588
43583
43577
43564
43557
43551
43545
43537
43535
43525
43523
43521
43520
43518
43511
43509
43506
43504
43502
43501
43492
43490
43481
43473
43469
43465
43464
43462
43457
43453
43450
43449
43448
43447
43440
43438
43435
43431
43430
43428
43421
43420
43413
43402
43401
43381
43380
43374
43371
43369
43355
43354
43345
43340
43339
43337
43332
43321
43316
43314
43309
43303
43296
43293
43286
43278
43277
43270
43263
43261
43249
43247
43243
43238
43236
43227
43225
43205
43194
43191
43190
43187
43171
43169
43162
43159
43158
43155
43147
43143
43138
43135
43133
43132
43124
43120
43117
43109
43108
43106
43086
43083
43081
43078
43075
43073
43070
43069
43066
43064
43063
43059
43057
43056
43046
43043
43030
43028
43022
43019
43013
43010
43004
42995
42992
42990
42989
42985
42982
42977
42976
42974
42973
42969
42968
42935
42934
42928
42916
42912
42910
42907
42905
42901
42900
42898
42897
42892
42890
42889
42886
42877
42874
42872
42867
42866
42857
42847
42845
42836
42830
42829
42825
42816
42809
42807
42802
42801
42797
42794
42792
42789
42788
42786
42779
42778
42768
42766
42758
42757
42750
42748
42744
42737
42732
42731
42730
42728
42702
42693
42691
42683
42678
42677
42674
42668
42662
42659
42656
42647
42639
42633
42626
42625
42624
42622
42618
42613
42610
42608
42607
42604
42596
42594
42583
42580
42572
42569
42566
42551
42550
42548
42537
42532
42527
42523
42519
42517
42512
42507
42505
42504
42497
42494
42493
42492
42485
42479
42462
42454
42453
42451
42446
42444
42441
42437
42430
42426
42424
42418
42416
42415
42408
42404
42401
42392
42384
42382
42374
42367
42366
42365
42364
42361
42360
42358
42357
42348
42343
42341
42340
42337
42335
42333
42330
42327
42324
42323
42322
42320
42318
42316
42309
42306
42302
42293
42284
42279
42262
42246
42243
42242
42236
42232
42223
42219
42217
42216
42205
42199
42196
42180
42179
42166
42161
42151
42149
42143
42138
42133
42125
42118
42113
42109
42101
42100
42085
42083
42082
42074
42065
42062
42059
42045
42037
42027
42023
42021
42016
42012
42007
42001
41989
41985
41979
41973
41964
41960
41959
41958
41954
41951
41949
41946
41942
41941
41938
41926
41923
41918
41917
41915
41913
41912
41911
41904
41891
41889
41883
41876
41870
41867
41858
41857
41844
41843
41834
41828
41826
41819
41815
41813
41807
41801
41800
41799
41789
41785
41781
41778
41776
41775
41774
41771
41769
41765
41750
41739
41737
41731
41722
41712
41695
41692
41690
41689
41681
41675
41658
41650
41647
41643
41640
41637
41635
41627
41621
41617
41610
41609
41603
41600
41594
41592
41591
41586
41581
41572
41570
41569
41565
41558
41554
41549
41546
41540
41537
41533
41506
41502
41493
41492
41491
41485
41478
41476
41473
41472
41465
41457
41438
41434
41430
41423
41417
41416
41412
41411
41408
41402
41401
41398
41397
41395
41394
41393
41392
41382
41381
41374
41371
41370
41369
41358
41357
41336
41326
41322
41318
41301
41300
41296
41281
41278
41276
41274
41272
41263
41258
41255
41241
41240
41236
41227
41223
41208
41206
41199
41180
41172
41165
41163
41145
41143
41137
41132
41124
41117
41108
41105
41099
41097
41090
41088
41087
41086
41085
41082
41064
41062
41061
41056
41053
41052
41036
41033
41018
41016
41010
41009
41004
40994
40991
40986
40979
40968
40961
40958
40955
40954
40953
40947
40939
40938
40934
40923
40918
40915
40899
40893
40884
40879
40878
40873
40867
40866
40852
40819
40816
40805
40802
40799
40796
40793
40783
40775
40774
40770
40759
40750
40743
40741
40733
40722
40713
40710
40708
40694
40691
40684
40678
40674
40668
40666
40665
40660
40659
40657
40651
40650
40644
40643
40638
40636
40632
40628
40625
40622
40618
40616
40607
40605
40603
40590
40585
40582
40581
40578
40571
40553
40546
40542
40541
40537
40535
40529
40523
40519
40517
40516
40515
40514
40513
40510
40509
40503
40501
40492
40490
40488
40487
40482
40480
40477
40476
40471
40464
40462
40455
40452
40449
40447
40440
40438
40434
40432
40427
40426
40423
40406
40400
40397
40393
40388
40387
40381
40378
40377
40372
40371
40364
40356
40352
40324
40322
40317
40316
40308
40306
40303
40300
40287
40265
40261
40253
40246
40245
40241
40239
40237
40236
40226
40215
40211
40205
40203
40201
40200
40195
40187
40183
40181
40179
40169
40166
40164
40163
40162
40160
40157
40148
40146
40134
40131
40130
40124
40122
40114
40078
40045
40039
40037
40036
40032
40019
40018
40015
40000
39996
39993
39992
39988
39986
39980
39979
39972
39966
39963
39958
39943
39940
39927
39923
39922
39921
39915
39914
39912
39911
39909
39908
39906
39903
39900
39899
39895
39894
39891
39885
39877
39858
39857
39846
39841
39828
39827
39825
39824
39816
39815
39811
39810
39804
39799
39781
39776
39775
39771
39764
39763
39762
39754
39738
39737
39734
39728
39727
39723
39722
39719
39715
39714
39711
39708
39706
39703
39691
39681
39674
39672
39664
39663
39657
39654
39640
39636
39630
39625
39624
39618
39603
39599
39596
39588
39583
39574
39572
39562
39560
39552
39551
39547
39542
39538
39533
39532
39521
39512
39506
39497
39495
39490
39489
39488
39486
39477
39466
39461
39460
39459
39448
39445
39442
39438
39436
39432
39431
39427
39420
39414
39412
39407
39398
39396
39393
39389
39388
39379
39375
39372
39367
39364
39356
39348
39344
39341
39332
39323
39311
39301
39300
39297
39294
39286
39276
39268
39265
39264
39262
39260
39250
39220
39218
39213
39210
39191
39184
39181
39180
39176
39171
39170
39165
39164
39161
39160
39147
39146
39141
39140
39139
39125
39124
39121
39110
39107
39104
39100
39096
39090
39086
39085
39081
39077
39071
39065
39063
39050
39046
39044
39041
39039
39029
39015
39003
38996
38984
38975
38972
38971
38968
38943
38942
38939
38934
38928
38927
38917
38912
38908
38907
38905
38901
38895
38889
38884
38880
38872
38864
38861
38855
38849
38844
38830
38828
38815
38814
38810
38809
38808
38803
38802
38796
38793
38787
38780
38778
38770
38767
38762
38751
38747
38745
38738
38730
38715
38710
38687
38685
38682
38671
38669
38651
38645
38637
38633
38625
38621
38616
38614
38612
38611
38608
38602
38599
38598
38597
38593
38590
38582
38576
38574
38564
38555
38554
38551
38549
38547
38532
38531
38529
38523
38519
38513
38512
38507
38503
38496
38495
38486
38477
38469
38468
38462
38457
38446
38441
38439
38433
38429
38423
38421
38415
38407
38398
38392
38389
38388
38387
38380
38378
38377
38361
38357
38350
38341
38328
38327
38326
38319
38313
38310
38298
38297
38291
38289
38285
38284
38272
38270
38253
38252
38248
38247
38246
38240
38226
38222
38219
38216
38215
38207
38205
38201
38194
38192
38190
38175
38170
38159
38158
38157
38143
38134
38124
38120
38118
38113
38106
38104
38091
38080
38074
38072
38070
38063
38060
38052
38048
38041
38040
38036
38033
38026
38021
38020
38012
38004
37996
37989
37986
37983
37982
37980
37963
37962
37956
37947
37945
37944
37938
37937
37934
37925
37922
37916
37915
37913
37910
37901
37894
37889
37882
37878
37870
37869
37868
37864
37862
37859
37852
37844
37843
37842
37840
37838
37825
37821
37820
37816
37814
37807
37804
37798
37795
37792
37786
37783
37780
37774
37770
37767
37759
37753
37746
37728
37725
37720
37719
37715
37714
37713
37709
37708
37700
37698
37691
37685
37673
37671
37669
37656
37651
37645
37642
37641
37632
37628
37627
37611
37605
37595
37580
37579
37559
37558
37556
37553
37548
37546
37544
37543
37533
37528
37526
37525
37524
37516
37514
37511
37490
37488
37473
37467
37463
37456
37446
37445
37443
37442
37426
37423
37408
37397
37396
37392
37381
37380
37379
37375
37372
37369
37367
37366
37365
37355
37346
37328
37318
37314
37313
37311
37305
37303
37300
37289
37286
37284
37264
37261
37255
37250
37247
37245
37239
37236
37227
37221
37220
37218
37215
37212
37207
37206
37201
37198
37193
37192
37191
37188
37182
37169
37164
37162
37158
37157
37156
37154
37151
37146
37145
37134
37133
37126
37123
37121
37118
37095
37093
37092
37088
37079
37073
37068
37053
37051
37047
37041
37039
37035
37032
37028
37025
37022
37018
37015
37014
37013
37000
36982
36981
36977
36974
36970
36968
36964
36958
36951
36949
36943
36942
36940
36936
36934
36930
36918
36915
36910
36909
36908
36900
36897
36896
36889
36886
36885
36880
36876
36875
36868
36867
36862
36841
36840
36832
36829
36826
36823
36822
36817
36810
36809
36806
36800
36781
36780
36774
36772
36766
36760
36759
36749
36748
36740
36736
36734
36719
36708
36707
36704
36698
36696
36694
36693
36687
36686
36673
36655
36653
36652
36651
36649
36644
36641
36640
36639
36637
36636
36635
36616
36612
36611
36605
36602
36593
36589
36583
36582
36565
36562
36559
36558
36543
36538
36533
36532
36530
36516
36513
36512
36510
36509
36507
36506
36504
36497
36496
36489
36484
36479
36478
36476
36473
36468
36461
36448
36447
36432
36426
36420
36414
36400
36398
36380
36377
36375
36373
36369
36360
36352
36350
36339
36328
36321
36320
36314
36307
36302
36301
36300
36299
36296
36292
36284
36283
36269
36267
36265
36261
36259
36253
36247
36243
36237
36233
36230
36227
36226
36220
36218
36214
36197
36189
36176
36171
36164
36162
36160
36153
36144
36141
36138
36130
36120
36117
36107
36098
36091
36089
36087
36085
36075
36072
36071
36069
36062
36056
36053
36052
36051
36050
36044
36041
36037
36035
36031
36029
36027
36026
36024
36023
36021
36017
36015
35995
35992
35991
35988
35987
35976
35966
35965
35958
35953
35951
35950
35949
35943
35940
35938
35934
35930
35929
35919
35917
35912
35895
35886
35884
35881
35879
35871
35856
35848
35843
35841
35839
35828
35819
35811
35808
35804
35802
35793
35792
35788
35778
35759
35748
35737
35727
35724
35716
35705
35702
35701
35699
35697
35694
35693
35691
35688
35685
35682
35680
35678
35676
35672
35669
35666
35665
35658
35657
35656
35652
35650
35648
35638
35636
35634
35630
35626
35624
35620
35617
35616
35610
35606
35603
35601
35595
35589
35583
35571
35566
35565
35560
35556
35552
35532
35529
35524
35523
35519
35505
35499
35490
35487
35485
35482
35471
35470
35468
35461
35456
35452
35449
35448
35445
35443
35427
35425
35412
35407
35402
35385
35372
35367
35345
35344
35342
35328
35326
35313
35299
35297
35295
35293
35290
35279
35275
35269
35268
35267
35266
35258
35252
35250
35246
35242
35239
35230
35225
35222
35220
35217
35216
35207
35200
35198
35195
35189
35186
35183
35179
35178
35176
35165
35164
35161
35158
35155
35150
35148
35139
35134
35128
35120
35119
35115
35110
35095
35090
35086
35081
35075
35069
35067
35066
35064
35054
35053
35049
35043
35042
35040
35037
35035
35031
35028
35027
35019
35011
35009
35005
34997
34992
34991
34988
34985
34983
34979
34967
34966
34965
34964
34950
34948
34945
34942
34932
34922
34913
34906
34895
34885
34876
34874
34868
34867
34857
34854
34850
34834
34833
34831
34824
34821
34818
34815
34814
34802
34801
34791
34790
34778
34777
34775
34764
34756
34755
34754
34753
34750
34749
34748
34739
34735
34734
34729
34726
34725
34721
34718
34717
34716
34715
34709
34704
34702
34694
34678
34675
34673
34672
34671
34670
34655
34643
34642
34640
34635
34631
34629
34625
34620
34610
34609
34604
34602
34599
34591
34564
34559
34556
34555
34547
34545
34544
34540
34538
34524
34519
34516
34513
34512
34502
34500
34492
34491
34487
34484
34480
34472
34469
34467
34466
34464
34461
34455
34442
34437
34436
34434
34433
34427
34422
34418
34416
34412
34406
34405
34378
34371
34368
34361
34358
34356
34355
34352
34351
34341
34323
34319
34316
34315
34304
34297
34289
34286
34280
34275
34260
34253
34252
34245
34243
34241
34239
34225
34224
34216
34209
34205
34203
34200
34189
34179
34176
34167
34161
34155
34152
34151
34149
34148
34133
34129
34124
34107
34104
34100
34097
34095
34093
34080
34068
34057
34056
34054
34052
34050
34045
34037
34036
34034
34027
34021
34015
34012
34008
34007
34006
34005
34003
33992
33984
33983
33980
33971
33969
33968
33962
33956
33953
33944
33933
33931
33929
33909
33898
33897
33893
33891
33889
33885
33868
33865
33858
33855
33853
33848
33840
33828
33819
33815
33812
33811
33807
33801
33798
33796
33794
33777
33773
33772
33771
33767
33766
33753
33744
33734
33728
33727
33726
33715
33714
33712
33711
33709
33705
33700
33696
33690
33687
33686
33681
33678
33667
33664
33663
33650
33644
33641
33630
33621
33620
33619
33617
33613
33607
33606
33604
33597
33590
33589
33586
33582
33578
33573
33567
33566
33562
33559
33556
33553
33551
33539
33535
33532
33530
33525
33523
33513
33511
33509
33505
33503
33502
33498
33487
33483
33482
33478
33474
33468
33463
33460
33448
33442
33440
33437
33435
33419
33417
33416
33414
33406
33395
33389
33377
33368
33367
33366
33365
33364
33363
33357
33353
33341
33328
33322
33321
33307
33306
33304
33299
33298
33296
33289
33287
33281
33272
33267
33266
33263
33258
33252
33244
33231
33227
33226
33222
33217
33198
33197
33186
33185
33173
33154
33148
33145
33139
33135
33130
33126
33123
33110
33109
33108
33107
33090
33068
33065
33059
33058
33055
33052
33050
33038
33032
33027
33024
33019
33014
33012
33010
33006
32999
32992
32979
32977
32976
32975
32972
32939
32938
32932
32927
32925
32920
32918
32899
32897
32896
32893
32886
32885
32879
32873
32869
32861
32849
32842
32837
32830
32822
32819
32805
32804
32802
32795
32792
32790
32786
32783
32775
32772
32768
32767
32763
32752
32750
32741
32735
32733
32730
32729
32727
32711
32707
32704
32697
32694
32686
32681
32680
32675
32667
32665
32661
32660
32656
32649
32646
32643
32642
32635
32633
32619
32615
32614
32609
32605
32601
32600
32593
32589
32573
32559
32553
32549
32548
32540
32539
32528
32527
32525
32522
32519
32516
32513
32509
32499
32494
32493
32492
32482
32481
32478
32467
32465
32463
32458
32457
32456
32445
32442
32438
32436
32429
32425
32421
32416
32415
32409
32407
32405
32403
32402
32400
32399
32395
32394
32391
32390
32384
32368
32367
32364
32361
32355
32339
32335
32332
32316
32311
32307
32299
32296
32295
32268
32267
32266
32250
32247
32242
32240
32236
32228
32226
32225
32223
32221
32219
32210
32209
32208
32207
32203
32201
32194
32176
32169
32168
32163
32157
32156
32147
32140
32136
32134
32131
32126
32121
32114
32110
32105
32104
32101
32099
32098
32096
32092
32089
32088
32087
32082
32079
32077
32071
32069
32065
32063
32053
32047
32044
32041
32038
32036
32028
32025
32024
32023
32019
32016
32009
32007
32004
32003
31998
31994
31992
31986
31984
31971
31968
31967
31962
31953
31942
31938
31932
31929
31927
31919
31902
31892
31889
31887
31884
31881
31869
31862
31861
31858
31857
31848
31842
31819
31815
31812
31811
31810
31803
31798
31791
31789
31788
31781
31778
31769
31764
31763
31759
31747
31744
31743
31740
31726
31720
31719
31718
31705
31704
31702
31691
31677
31675
31674
31669
31665
31664
31658
31657
31656
31648
31646
31645
31636
31603
31594
31587
31583
31581
31577
31574
31573
31569
31568
31562
31560
31549
31542
31534
31524
31519
31503
31502
31493
31489
31488
31487
31481
31479
31474
31470
31469
31458
31457
31455
31453
31448
31447
31444
31439
31437
31430
31427
31418
31414
31411
31407
31400
31398
31397
31393
31375
31371
31370
31366
31365
31363
31354
31353
31350
31348
31344
31343
31342
31341
31340
31338
31335
31334
31332
31320
31317
31307
31296
31295
31292
31289
31288
31286
31284
31273
31272
31261
31258
31256
31247
31244
31239
31235
31232
31227
31215
31213
31211
31208
31204
31202
31200
31197
31195
31190
31176
31168
31166
31161
31160
31159
31158
31154
31151
31147
31145
31138
31136
31133
31124
31121
31111
31108
31095
31094
31077
31074
31072
31069
31064
31060
31056
31055
31050
31048
31041
31040
31037
31029
31026
31022
31018
31011
31008
31003
30999
30995
30984
30980
30978
30975
30966
30960
30957
30956
30951
30949
30948
30945
30939
30934
30928
30926
30923
30915
30908
30907
30904
30895
30891
30887
30885
30884
30878
30876
30873
30871
30866
30859
30851
30849
30848
30846
30840
30838
30834
30831
30828
30818
30813
30811
30807
30799
30787
30779
30775
30768
30758
30746
30745
30743
30734
30733
30727
30725
30710
30709
30707
30703
30694
30690
30679
30664
30662
30660
30646
30641
30631
30628
30625
30623
30622
30618
30617
30612
30608
30605
30603
30601
30599
30597
30596
30593
30591
30589
30586
30569
30566
30565
30560
30558
30554
30553
30552
30550
30549
30547
30546
30545
30541
30536
30535
30534
30533
30525
30518
30517
30514
30511
30510
30505
30503
30491
30490
30483
30478
30477
30472
30463
30460
30458
30453
30448
30426
30421
30415
30408
30405
30399
30397
30396
30395
30394
30389
30371
30369
30367
30366
30364
30359
30357
30355
30338
30334
30331
30322
30318
30309
30307
30299
30294
30288
30275
30273
30271
30268
30264
30256
30247
30238
30236
30228
30227
30219
30218
30217
30216
30212
30189
30182
30171
30169
30163
30161
30149
30148
30147
30140
30121
30118
30115
30114
30110
30106
30105
30099
30096
30095
30091
30087
30086
30083
30075
30073
30070
30069
30067
30059
30054
30030
30027
30024
30022
30020
30019
30018
30015
30013
30012
30003
30002
29987
29985
29981
29976
29967
29964
29944
29943
29941
29938
29933
29932
29923
29913
29912
29910
29907
29893
29889
29881
29865
29864
29857
29856
29843
29841
29840
29833
29832
29829
29828
29823
29818
29808
29798
29796
29780
29778
29771
29769
29764
29757
29756
29750
29741
29738
29727
29722
29721
29719
29713
29712
29704
29703
29702
29695
29690
29686
29681
29680
29672
29666
29656
29647
29645
29642
29639
29636
29634
29632
29631
29630
29628
29615
29610
29609
29608
29603
29602
29601
29597
29595
29594
29593
29592
29591
29581
29578
29575
29548
29540
29538
29531
29529
29523
29521
29515
29497
29495
29488
29482
29479
29478
29474
29471
29469
29468
29467
29464
29462
29461
29459
29454
29453
29446
29444
29443
29432
29417
29416
29406
29403
29402
29400
29375
29372
29370
29366
29362
29360
29352
29345
29342
29337
29335
29332
29321
29316
29304
29290
29285
29281
29279
29278
29277
29266
29264
29262
29260
29259
29258
29256
29254
29249
29246
29239
29233
29231
29229
29226
29222
29221
29213
29211
29194
29186
29180
29177
29172
29171
29168
29167
29165
29160
29157
29154
29144
29138
29130
29128
29127
29126
29124
29120
29119
29117
29113
29099
29096
29072
29070
29066
29060
29049
29045
29044
29039
29037
29035
29026
29023
29022
29020
29012
29004
29003
28997
28996
28988
28985
28979
28968
28959
28957
28953
28943
28942
28931
28914
28910
28906
28894
28891
28887
28885
28884
28879
28878
28874
28871
28868
28863
28862
28859
28854
28853
28851
28843
28839
28814
28804
28803
28802
28795
28794
28791
28776
28775
28770
28761
28757
28754
28744
28728
28724
28720
28717
28706
28703
28702
28697
28694
28691
28682
28680
28678
28676
28671
28668
28665
28651
28641
28629
28621
28620
28611
28604
28598
28595
28587
28585
28579
28574
28571
28568
28554
28553
28552
28551
28530
28523
28522
28517
28512
28510
28508
28505
28503
28501
28500
28498
28495
28479
28471
28464
28454
28451
28448
28441
28437
28434
28428
28423
28418
28415
28414
28413
28409
28404
28403
28400
28383
28375
28364
28362
28343
28340
28338
28336
28333
28331
28328
28317
28309
28300
28298
28297
28294
28292
28287
28263
28261
28253
28245
28242
28231
28228
28227
28223
28220
28214
28210
28209
28196
28193
28183
28173
28172
28163
28161
28156
28155
28139
28138
28137
28136
28131
28124
28118
28117
28116
28106
28105
28100
28091
28090
28089
28080
28077
28074
28069
28067
28054
28048
28047
28037
28034
28026
28023
28020
28013
27995
27987
27981
27963
27952
27949
27943
27934
27926
27925
27915
27913
27909
27904
27901
27900
27898
27891
27887
27880
27879
27871
27868
27865
27863
27855
27854
27852
27845
27844
27843
27838
27835
27834
27827
27819
27813
27803
27801
27799
27793
27792
27791
27789
27787
27786
27781
27779
27778
27777
27776
27773
27772
27771
27770
27766
27763
27762
27760
27756
27755
27748
27742
27739
27736
27735
27733
27722
27720
27719
27717
27713
27706
27704
27698
27693
27677
27675
27674
27666
27665
27659
27655
27645
27644
27635
27632
27631
27628
27627
27624
27619
27617
27606
27604
27601
27590
27583
27579
27577
27576
27571
27564
27557
27555
27548
27532
27527
27524
27522
27521
27517
27510
27506
27500
27497
27495
27471
27469
27466
27462
27450
27443
27434
27427
27426
27424
27422
27416
27415
27413
27410
27407
27391
27388
27384
27376
27374
27370
27365
27361
27360
27355
27352
27348
27347
27346
27345
27343
27341
27340
27339
27336
27323
27320
27318
27317
27311
27295
27283
27277
27270
27268
27265
27261
27257
27256
27253
27250
27249
27246
27240
27239
27233
27232
27221
27213
27207
27205
27190
27186
27185
27184
27182
27176
27166
27148
27147
27141
27135
27125
27114
27100
27095
27088
27082
27071
27068
27065
27064
27062
27056
27037
27036
27034
27033
27023
27021
27020
27018
27017
27006
27001
26991
26984
26975
26973
26969
26968
26948
26941
26935
26931
26929
26928
26917
26916
26914
26906
26903
26900
26896
26889
26888
26886
26882
26881
26877
26875
26870
26865
26856
26853
26850
26843
26838
26837
26836
26835
26829
26825
26813
26807
26803
26801
26790
26786
26785
26782
26779
26771
26770
26767
26765
26764
26759
26756
26751
26745
26743
26736
26735
26728
26725
26717
26710
26708
26702
26700
26695
26692
26680
26678
26677
26669
26668
26660
26649
26647
26642
26641
26635
26634
26633
26630
26617
26606
26603
26596
26594
26576
26567
26566
26564
26562
26559
26556
26551
26548
26540
26539
26538
26536
26528
26526
26524
26520
26519
26517
26507
26505
26503
26495
26470
26466
26463
26462
26460
26453
26451
26449
26442
26431
26413
26411
26406
26403
26393
26387
26382
26380
26379
26378
26370
26366
26358
26355
26353
26349
26346
26341
26336
26323
26319
26307
26303
26298
26294
26282
26279
26277
26276
26265
26262
26259
26247
26245
26241
26235
26226
26225
26223
26221
26218
26213
26202
26195
26192
26178
26168
26166
26165
26164
26162
26160
26155
26154
26152
26146
26144
26143
26142
26141
26121
26115
26113
26099
26098
26087
26066
26063
26059
26045
26037
26033
26023
26019
26017
26013
26004
26002
25999
25991
25988
25987
25979
25972
25971
25965
25962
25960
25958
25956
25950
25940
25930
25910
25905
25896
25894
25893
25891
25882
25879
25878
25870
25869
25868
25856
25855
25854
25849
25848
25843
25838
25837
25823
25819
25815
25805
25799
25796
25789
25774
25773
25765
25756
25752
25744
25742
25741
25736
25735
25732
25730
25727
25723
25709
25706
25705
25697
25690
25685
25683
25682
25680
25679
25667
25659
25655
25648
25646
25634
25623
25613
25608
25597
25594
25592
25583
25582
25579
25577
25576
25574
25573
25560
25558
25555
25543
25540
25534
25533
25530
25518
25514
25513
25512
25500
25499
25494
25491
25488
25485
25472
25469
25466
25451
25450
25439
25427
25416
25411
25409
25407
25398
25394
25391
25383
25382
25381
25377
25366
25365
25364
25351
25349
25347
25343
25341
25338
25320
25318
25305
25298
25289
25287
25279
25272
25268
25260
25254
25248
25244
25243
25242
25231
25225
25223
25205
25204
25202
25198
25180
25178
25157
25153
25135
25123
25120
25118
25106
25102
25100
25099
25098
25095
25090
25086
25084
25077
25067
25060
25054
25053
25051
25041
25032
25029
25025
25024
25022
25021
25016
25008
25007
25004
24997
24990
24989
24984
24975
24972
24970
24969
24968
24966
24965
24960
24958
24947
24941
24937
24927
24926
24917
24911
24905
24896
24892
24891
24890
24878
24865
24862
24843
24838
24834
24830
24828
24827
24822
24818
24813
24812
24805
24785
24776
24770
24769
24761
24760
24751
24750
24745
24744
24740
24739
24730
24727
24725
24717
24711
24704
24693
24689
24685
24680
24677
24676
24667
24664
24662
24649
24638
24637
24631
24629
24622
24621
24617
24611
24606
24604
24596
24593
24589
24586
24581
24580
24577
24576
24572
24567
24564
24551
24549
24548
24547
24544
24542
24538
24532
24530
24527
24525
24524
24523
24520
24516
24512
24508
24503
24502
24501
24499
24492
24490
24488
24486
24484
24483
24481
24477
24472
24467
24464
24459
24457
24440
24435
24423
24414
24413
24408
24400
24388
24387
24378
24376
24373
24371
24369
24362
24353
24350
24344
24337
24334
24333
24330
24327
24322
24320
24319
24318
24316
24315
24304
24303
24302
24298
24296
24284
24281
24275
24273
24270
24269
24264
24260
24240
24224
24222
24210
24209
24205
24202
24199
24189
24187
24182
24180
24177
24164
24161
24159
24154
24146
24142
24140
24136
24114
24111
24107
24106
24099
24098
24094
24091
24087
24084
24081
24079
24078
24074
24073
24068
24061
24058
24052
24043
24035
24027
24018
24010
24007
23998
23984
23975
23972
23963
23962
23950
23940
23933
23927
23924
23916
23912
23908
23905
23888
23887
23886
23880
23872
23859
23850
23844
23840
23834
23828
23826
23816
23809
23800
23789
23786
23779
23768
23767
23763
23759
23758
23752
23750
23742
23739
23738
23736
23726
23716
23710
23708
23705
23693
23690
23689
23687
23684
23676
23674
23666
23665
23661
23658
23654
23640
23637
23630
23629
23628
23624
23613
23599
23594
23589
23588
23587
23584
23583
23579
23577
23575
23573
23572
23570
23564
23563
23549
23543
23531
23528
23506
23504
23503
23500
23499
23494
23490
23485
23484
23467
23463
23461
23454
23451
23447
23445
23439
23431
23430
23429
23425
23423
23421
23418
23417
23413
23410
23405
23403
23398
23397
23396
23391
23386
23381
23378
23375
23369
23367
23363
23362
23357
23354
23352
23345
23338
23336
23331
23329
23313
23312
23309
23294
23286
23273
23270
23251
23235
23226
23224
23220
23209
23206
23204
23200
23191
23183
23180
23163
23161
23133
23131
23128
23127
23119
23118
23110
23109
23097
23096
23093
23080
23079
23075
23063
23052
23046
23030
23029
23028
23013
23012
23006
23004
22997
22986
22978
22970
22956
22951
22941
22934
22933
22927
22924
22915
22904
22903
22898
22894
22890
22882
22878
22876
22867
22866
22848
22847
22845
22835
22817
22814
22811
22810
22807
22805
22801
22800
22797
22793
22792
22791
22789
22785
22782
22779
22771
22770
22768
22764
22758
22757
22754
22749
22743
22741
22737
22736
22728
22721
22720
22705
22703
22698
22695
22693
22688
22687
22679
22677
22676
22674
22657
22656
22655
22649
22647
22641
22625
22623
22620
22619
22609
22608
22605
22591
22589
22586
22585
22583
22581
22580
22570
22569
22560
22559
22556
22551
22546
22539
22533
22529
22522
22518
22516
22515
22505
22501
22500
22499
22493
22482
22480
22478
22473
22471
22462
22461
22451
22449
22442
22438
22437
22435
22430
22429
22425
22421
22407
22406
22401
22394
22375
22374
22373
22366
22361
22360
22358
22354
22352
22351
22343
22339
22337
22319
22317
22315
22314
22303
22299
22261
22258
22243
22241
22238
22231
22203
22198
22196
22176
22175
22174
22173
22162
22157
22156
22149
22147
22143
22139
22137
22132
22129
22124
22123
22121
22109
22106
22103
22093
22090
22088
22083
22076
22074
22072
22071
22062
22060
22054
22044
22039
22037
22027
22023
22022
22021
22016
22010
21998
21994
21990
21986
21974
21972
21971
21967
21966
21964
21951
21944
21943
21937
21932
21928
21925
21922
21917
21915
21903
21891
21881
21880
21879
21875
21871
21865
21864
21863
21861
21842
21838
21835
21821
21816
21815
21798
21797
21795
21778
21775
21773
21769
21767
21762
21757
21754
21752
21751
21746
21739
21721
21708
21703
21697
21693
21686
21682
21679
21677
21676
21665
21664
21662
21650
21647
21622
21621
21620
21615
21614
21609
21607
21605
21590
21581
21580
21576
21575
21569
21567
21565
21564
21552
21546
21538
21535
21532
21530
21515
21514
21508
21505
21492
21491
21486
21483
21474
21473
21472
21465
21464
21458
21451
21447
21442
21431
21422
21421
21410
21403
21392
21384
21382
21381
21376
21375
21374
21371
21370
21367
21366
21363
21360
21358
21348
21346
21343
21341
21340
21331
21320
21319
21315
21312
21311
21310
21306
21304
21302
21299
21288
21286
21265
21262
21257
21251
21250
21237
21233
21226
21223
21222
21220
21218
21206
21201
21200
21195
21190
21179
21178
21175
21172
21169
21160
21159
21156
21151
21143
21138
21132
21128
21115
21109
21105
21100
21095
21089
21084
21079
21078
21076
21073
21072
21071
21066
21065
21059
21056
21054
21043
21035
21027
21025
21024
21016
21013
21012
20986
20980
20978
20973
20972
20969
20960
20957
20951
20948
20941
20935
20922
20920
20915
20911
20907
20906
20905
20894
20893
20891
20890
20887
20885
20884
20883
20880
20872
20851
20850
20849
20847
20839
20838
20828
20823
20821
20803
20799
20791
20789
20786
20785
20784
20782
20777
20774
20767
20762
20761
20759
20751
20744
20735
20734
20733
20717
20714
20712
20711
20705
20702
20701
20697
20696
20684
20682
20678
20677
20670
20664
20661
20654
20653
20646
20642
20641
20632
20627
20625
20613
20606
20603
20601
20600
20594
20579
20575
20558
20554
20550
20533
20530
20521
20513
20512
20509
20507
20492
20487
20486
20474
20473
20464
20457
20455
20452
20447
20443
20441
20436
20429
20428
20427
20422
20412
20410
20402
20398
20395
20389
20388
20387
20383
20376
20374
20373
20359
20357
20354
20352
20351
20349
20348
20347
20345
20342
20341
20339
20338
20336
20334
20328
20327
20312
20307
20304
20286
20276
20269
20267
20265
20264
20259
20250
20243
20234
20231
20226
20224
20220
20217
20216
20215
20211
20208
20202
20201
20194
20181
20177
20176
20160
20159
20158
20157
20142
20141
20139
20134
20132
20130
20126
20122
20115
20110
20107
20097
20096
20093
20088
20085
20080
20078
20076
20064
20051
20039
20037
20029
20026
20001
19989
19974
19969
19967
19966
19962
19959
19950
19947
19935
19927
19926
19924
19921
19920
19916
19911
19910
19907
19895
19893
19890
19886
19880
19879
19868
19863
19861
19859
19856
19853
19847
19845
19843
19838
19834
19832
19822
19820
19818
19797
19796
19778
19768
19766
19752
19743
19742
19718
19713
19708
19702
19700
19687
19685
19682
19679
19650
19639
19631
19628
19626
19621
19612
19610
19607
19586
19585
19570
19565
19560
19557
19551
19539
19531
19524
19512
19508
19499
19483
19478
19472
19470
19455
19453
19452
19449
19446
19444
19441
19432
19425
19422
19420
19415
19403
19400
19399
19393
19380
19379
19377
19361
19359
19349
19348
19347
19344
19343
19341
19339
19326
19322
19320
19317
19311
19304
19296
19294
19293
19279
19276
19275
19268
19266
19262
19245
19242
19237
19232
19227
19223
19217
19215
19197
19195
19190
19185
19183
19171
19160
19155
19151
19148
19146
19145
19136
19135
19118
19117
19110
19109
19106
19097
19095
19091
19086
19084
19081
19072
19068
19065
19061
19060
19058
19056
19050
19047
19045
19042
19041
19034
19033
19021
19019
19017
19013
19006
19003
19001
18999
18985
18981
18977
18974
18969
18965
18962
18955
18952
18950
18949
18946
18945
18943
18941
18936
18935
18933
18928
18913
18912
18896
18890
18886
18878
18872
18866
18860
18857
18856
18850
18842
18838
18831
18829
18828
18827
18821
18816
18814
18798
18792
18788
18778
18773
18771
18769
18765
18761
18757
18756
18744
18733
18727
18722
18717
18708
18701
18697
18695
18685
18681
18679
18674
18657
18653
18652
18642
18619
18618
18616
18613
18606
18599
18597
18592
18585
18560
18556
18552
18547
18546
18541
18534
18531
18522
18517
18514
18513
18510
18508
18506
18495
18482
18457
18448
18427
18422
18413
18408
18403
18401
18396
18391
18376
18371
18369
18356
18355
18346
18345
18344
18339
18336
18332
18324
18317
18312
18309
18308
18305
18303
18301
18294
18293
18275
18274
18272
18271
18261
18260
18251
18244
18239
18232
18229
18225
18224
18215
18212
18200
18199
18195
18191
18187
18183
18180
18177
18174
18173
18168
18161
18151
18147
18139
18134
18128
18123
18119
18100
18096
18080
18057
18055
18052
18040
18028
18021
18020
18019
18018
18017
18016
18015
18014
18004
18000
17998
17994
17991
17980
17977
17970
17967
17963
17961
17960
17956
17953
17951
17945
17944
17940
17932
17924
17918
17916
17914
17912
17908
17905
17903
17893
17880
17877
17874
17868
17865
17857
17845
17843
17825
17824
17823
17822
17799
17792
17789
17782
17778
17777
17776
17769
17768
17767
17758
17757
17754
17750
17748
17735
17734
17733
17723
17715
17714
17712
17710
17708
17695
17693
17687
17685
17675
17674
17664
17659
17658
17656
17653
17648
17643
17639
17633
17629
17627
17624
17620
17609
17605
17597
17583
17576
17575
17563
17554
17553
17552
17550
17547
17545
17544
17542
17541
17540
17538
17534
17533
17532
17529
17521
17520
17515
17514
17507
17506
17480
17477
17476
17475
17471
17470
17450
17442
17441
17436
17431
17429
17422
17416
17410
17407
17403
17397
17387
17380
17375
17362
17358
17349
17347
17346
17343
17338
17337
17333
17330
17327
17326
17318
17317
17312
17311
17310
17297
17283
17280
17278
17276
17271
17270
17257
17256
17255
17246
17238
17234
17233
17230
17221
17220
17217
17216
17214
17213
17210
17207
17206
17205
17202
17194
17190
17189
17178
17177
17176
17173
17172
17169
17165
17152
17148
17141
17140
17135
17133
17131
17122
17121
17117
17114
17112
17108
17097
17088
17081
17078
17075
17066
17061
17054
17049
17048
17047
17043
17037
17033
17031
17026
17025
17022
17021
17019
17015
17013
17011
17002
16995
16994
16988
16987
16981
16979
16970
16944
16943
16938
16931
16926
16914
16911
16905
16900
16887
16884
16877
16866
16865
16862
16858
16856
16853
16852
16848
16835
16826
16825
16823
16815
16814
16806
16794
16793
16790
16784
16781
16779
16778
16777
16769
16766
16761
16760
16750
16742
16739
16737
16729
16724
16721
16705
16697
16673
16670
16669
16668
16665
16658
16656
16654
16652
16651
16646
16639
16636
16627
16625
16611
16608
16597
16592
16587
16581
16580
16578
16577
16576
16573
16568
16567
16553
16543
16541
16539
16538
16537
16531
16526
16517
16515
16504
16502
16493
16490
16488
16487
16482
16478
16476
16473
16472
16466
16465
16463
16456
16452
16451
16445
16432
16428
16426
16424
16423
16413
16409
16396
16385
16383
16379
16378
16375
16373
16371
16364
16356
16343
16341
16340
16325
16324
16322
16321
16313
16309
16298
16291
16287
16283
16278
16268
16259
16257
16256
16251
16250
16241
16235
16234
16227
16224
16223
16221
16213
16208
16204
16202
16199
16197
16194
16193
16183
16175
16173
16161
16160
16153
16149
16146
16145
16144
16137
16135
16129
16123
16118
16114
16112
16104
16100
16097
16091
16077
16074
16072
16062
16060
16051
16045
16043
16028
16025
16020
16017
16004
16003
15994
15991
15989
15987
15984
15972
15964
15955
15954
15952
15945
15942
15941
15938
15932
15926
15918
15910
15907
15902
15898
15895
15890
15873
15868
15866
15865
15864
15845
15844
15836
15835
15830
15827
15820
15817
15814
15806
15803
15795
15789
15787
15774
15773
15771
15752
15750
15749
15732
15728
15721
15717
15716
15710
15694
15692
15689
15682
15678
15672
15653
15648
15636
15634
15632
15624
15623
15622
15613
15596
15592
15585
15578
15576
15572
15569
15567
15557
15554
15551
15550
15549
15542
15533
15526
15523
15522
15521
15516
15511
15501
15494
15487
15486
15484
15478
15473
15464
15460
15458
15453
15441
15439
15437
15435
15431
15426
15425
15424
15422
15415
15408
15407
15398
15392
15390
15389
15388
15383
15378
15372
15371
15363
15354
15336
15333
15330
15322
15319
15312
15311
15307
15303
15294
15292
15291
15289
15288
15275
15274
15271
15260
15253
15232
15222
15220
15217
15202
15198
15195
15192
15189
15188
15186
15184
15177
15172
15171
15167
15165
15162
15160
15158
15138
15134
15133
15130
15129
15127
15121
15115
15110
15093
15092
15090
15078
15077
15073
15069
15059
15056
15053
15051
15046
15042
15040
15030
15026
15022
15019
15015
15004
14999
14998
14983
14971
14964
14960
14953
14947
14944
14941
14935
14926
14924
14917
14915
14912
14903
14899
14889
14881
14879
14878
14877
14875
14842
14836
14833
14832
14830
14821
14815
14797
14796
14795
14793
14774
14770
14769
14766
14764
14748
14735
14734
14713
14707
14706
14705
14703
14701
14687
14685
14648
14645
14639
14638
14637
14636
14634
14631
14625
14623
14617
14610
14609
14598
14595
14594
14577
14571
14567
14566
14565
14561
14558
14557
14556
14544
14543
14535
14534
14533
14532
14520
14518
14517
14516
14504
14503
14502
14498
14494
14492
14490
14485
14483
14478
14477
14468
14464
14459
14443
14441
14435
14421
14414
14413
14408
14405
14404
14393
14379
14364
14348
14347
14342
14340
14335
14331
14329
14327
14322
14312
14306
14297
14292
14291
14290
14284
14283
14281
14276
14266
14258
14251
14250
14247
14245
14240
14239
14236
14235
14234
14233
14232
14231
14218
14209
14204
14201
14200
14191
14190
14174
14163
14158
14153
14147
14137
14132
14123
14121
14119
14118
14117
14115
14113
14110
14105
14103
14101
14096
14090
14087
14083
14082
14080
14075
14072
14064
14062
14061
14055
14052
14046
14045
14037
14036
14030
14028
14020
14019
14015
14007
14002
14001
14000
13992
13987
13983
13979
13965
13963
13954
13953
13952
13948
13947
13944
13934
13929
13926
13924
13923
13914
13913
13910
13902
13889
13885
13883
13882
13872
13868
13856
13848
13836
13833
13831
13819
13814
13812
13808
13796
13782
13781
13779
13776
13769
13767
13765
13760
13759
13757
13753
13750
13749
13741
13740
13739
13731
13723
13718
13715
13711
13701
13693
13692
13684
13679
13677
13676
13673
13657
13656
13655
13645
13637
13636
13633
13631
13628
13621
13619
13613
13610
13601
13598
13585
13584
13582
13578
13571
13566
13563
13562
13553
13550
13549
13546
13543
13535
13530
13521
13520
13518
13512
13504
13501
13500
13495
13493
13492
13486
13473
13471
13466
13465
13463
13461
13453
13452
13451
13449
13443
13442
13438
13432
13430
13425
13422
13406
13405
13400
13398
13392
13388
13387
13382
13380
13379
13373
13360
13352
13349
13336
13335
13324
13321
13320
13317
13315
13313
13305
13297
13294
13287
13285
13284
13279
13276
13275
13273
13272
13270
13263
13262
13261
13256
13251
13245
13242
13240
13237
13236
13234
13227
13219
13216
13212
13211
13199
13197
13183
13177
13176
13164
13162
13161
13157
13155
13142
13139
13125
13116
13114
13109
13107
13104
13102
13096
13095
13089
13086
13080
13079
13074
13072
13058
13053
13050
13039
13036
13019
13013
13012
13005
13003
13001
12998
12993
12988
12958
12956
12955
12952
12951
12944
12943
12942
12941
12940
12929
12892
12889
12887
12881
12878
12867
12858
12856
12852
12847
12845
12838
12836
12815
12810
12805
12804
12802
12800
12790
12777
12767
12766
12763
12762
12761
12757
12756
12754
12753
12752
12736
12735
12733
12726
12721
12720
12709
12707
12706
12703
12701
12700
12699
12698
12693
12689
12686
12676
12661
12659
12651
12650
12642
12635
12633
12628
12625
12615
12610
12598
12597
12595
12593
12592
12591
12582
12578
12568
12567
12564
12559
12555
12553
12551
12528
12525
12523
12518
12517
12510
12502
12497
12496
12488
12485
12483
12482
12480
12479
12471
12460
12452
12433
12430
12428
12419
12416
12407
12401
12398
12397
12391
12381
12379
12378
12365
12363
12347
12338
12333
12319
12313
12304
12301
12298
12296
12295
12294
12292
12289
12284
12280
12276
12271
12266
12246
12239
12229
12220
12211
12208
12206
12204
12202
12199
12187
12180
12177
12172
12167
12164
12156
12152
12136
12134
12119
12118
12112
12111
12110
12107
12106
12105
12098
12090
12088
12084
12078
12058
12047
12043
12036
12031
12026
12020
12017
12016
12008
12005
11994
11990
11989
11980
11967
11963
11962
11961
11952
11942
11941
11939
11936
11929
11925
11902
11901
11898
11891
11885
11884
11866
11863
11860
11857
11850
11847
11839
11838
11832
11828
11827
11820
11818
11810
11808
11807
11796
11788
11761
11754
11753
11752
11747
11746
11744
11741
11734
11729
11728
11725
11723
11720
11707
11704
11703
11701
11698
11696
11688
11683
11674
11672
11671
11666
11659
11656
11654
11651
11646
11640
11639
11636
11631
11628
11622
11615
11614
11610
11605
11603
11602
11601
11599
11592
11568
11567
11566
11564
11558
11552
11550
11547
11544
11541
11529
11522
11519
11517
11510
11509
11506
11505
11499
11497
11495
11491
11487
11481
11477
11470
11469
11463
11456
11452
11447
11438
11433
11432
11431
11428
11427
11424
11422
11421
11419
11417
11414
11413
11405
11400
11396
11391
11384
11383
11379
11377
11375
11369
11359
11358
11339
11335
11331
11330
11326
11316
11313
11311
11304
11302
11300
11294
11284
11281
11274
11270
11268
11267
11255
11252
11251
11249
11246
11241
11229
11226
11222
11220
11213
11200
11197
11196
11193
11191
11183
11179
11178
11177
11176
11163
11160
11152
11151
11144
11136
11121
11113
11110
11105
11101
11096
11094
11090
11089
11086
11083
11082
11079
11078
11077
11073
11072
11060
11052
11043
11032
11026
11023
11016
11013
11012
11003
11002
10999
10994
10993
10992
10988
10971
10966
10955
10944
10939
10933
10924
10917
10914
10913
10910
10909
10904
10902
10901
10897
10896
10895
10893
10884
10880
10878
10871
10870
10868
10866
10863
10860
10854
10844
10841
10824
10806
10802
10794
10792
10772
10762
10749
10741
10739
10738
10732
10722
10719
10715
10713
10694
10689
10682
10680
10679
10673
10671
10668
10656
10648
10646
10644
10640
10634
10631
10627
10625
10621
10608
10606
10589
10588
10584
10581
10577
10569
10561
10558
10541
10536
10522
10521
10519
10518
10513
10510
10509
10508
10505
10504
10482
10480
10475
10471
10467
10465
10462
10458
10456
10454
10451
10447
10440
10439
10436
10433
10430
10423
10422
10420
10418
10396
10390
10384
10381
10374
10368
10363
10356
10355
10350
10349
10348
10339
10328
10326
10325
10316
10314
10313
10312
10309
10305
10303
10300
10289
10288
10284
10280
10279
10278
10275
10262
10256
10251
10250
10247
10245
10238
10230
10229
10222
10219
10215
10212
10209
10208
10203
10194
10186
10179
10177
10172
10169
10168
10167
10164
10162
10160
10139
10137
10128
10125
10115
10107
10106
10104
10102
10099
10098
10096
10094
10084
10083
10082
10081
10065
10061
10056
10047
10046
10037
10033
10030
10024
10018
10012
10010
10008
10005
10004
10001
9998
9997
9990
9984
9980
9977
9965
9963
9962
9957
9949
9944
9943
9938
9937
9936
9935
9910
9906
9905
9898
9897
9895
9894
9889
9888
9883
9882
9879
9877
9875
9874
9873
9871
9869
9865
9864
9859
9858
9854
9849
9846
9844
9843
9835
9832
9831
9820
9819
9811
9806
9804
9803
9800
9793
9787
9779
9776
9770
9766
9762
9753
9747
9745
9739
9735
9732
9729
9720
9713
9708
9704
9698
9695
9691
9689
9680
9666
9665
9659
9657
9650
9638
9627
9624
9614
9605
9601
9597
9596
9594
9592
9587
9585
9583
9579
9577
9570
9569
9559
9558
9551
9541
9537
9535
9533
9527
9526
9520
9514
9513
9505
9503
9499
9497
9492
9490
9488
9487
9482
9476
9473
9471
9468
9462
9461
9457
9456
9453
9449
9447
9442
9424
9417
9416
9406
9403
9396
9392
9386
9384
9378
9373
9366
9365
9361
9356
9354
9351
9350
9349
9345
9342
9341
9337
9333
9331
9330
9320
9318
9316
9314
9313
9300
9299
9296
9295
9293
9283
9280
9278
9274
9273
9269
9260
9257
9256
9255
9252
9241
9238
9234
9228
9222
9208
9205
9193
9183
9167
9162
9148
9144
9139
9136
9133
9131
9129
9127
9123
9120
9119
9118
9108
9102
9101
9099
9084
9082
9080
9077
9070
9056
9046
9045
9044
9031
9025
9019
9018
9017
9013
9009
9000
8997
8985
8982
8976
8970
8964
8960
8959
8958
8954
8948
8941
8927
8924
8917
8909
8901
8898
8897
8894
8890
8882
8871
8867
8858
8857
8844
8835
8834
8828
8817
8814
8807
8798
8796
8792
8778
8775
8772
8766
8753
8750
8731
8729
8715
8711
8706
8699
8694
8688
8677
8676
8661
8657
8656
8655
8644
8643
8638
8636
8634
8630
8628
8625
8624
8623
8613
8609
8608
8604
8597
8595
8593
8587
8585
8581
8580
8577
8573
8570
8567
8564
8562
8556
8553
8551
8541
8538
8532
8531
8524
8522
8512
8508
8503
8496
8495
8492
8489
8483
8469
8463
8462
8454
8453
8447
8445
8444
8438
8434
8430
8429
8428
8425
8416
8412
8411
8407
8405
8402
8399
8390
8387
8386
8383
8377
8375
8371
8370
8369
8365
8357
8353
8350
8348
8344
8341
8335
8334
8333
8328
8327
8324
8318
8317
8311
8307
8305
8296
8294
8288
8286
8284
8277
8272
8268
8262
8259
8257
8247
8243
8242
8241
8231
8228
8227
8216
8206
8203
8199
8194
8193
8187
8183
8180
8177
8174
8173
8166
8154
8151
8150
8147
8144
8142
8134
8133
8128
8123
8116
8113
8108
8106
8092
8089
8085
8079
8075
8072
8069
8065
8063
8054
8052
8051
8047
8044
8041
8036
8018
8014
8013
8005
8001
7997
7992
7990
7985
7976
7975
7974
7963
7961
7958
7950
7947
7943
7941
7938
7936
7927
7924
7923
7915
7901
7892
7889
7883
7881
7877
7874
7872
7871
7869
7858
7846
7843
7832
7829
7828
7826
7823
7819
7816
7813
7812
7803
7799
7792
7781
7775
7769
7759
7756
7755
7750
7749
7746
7737
7727
7725
7721
7716
7708
7704
7696
7693
7687
7686
7680
7678
7677
7675
7672
7670
7665
7664
7663
7656
7646
7639
7633
7632
7627
7626
7623
7622
7617
7611
7602
7589
7587
7580
7567
7563
7560
7558
7549
7541
7539
7537
7532
7531
7521
7517
7514
7506
7497
7492
7487
7478
7475
7472
7454
7448
7447
7443
7433
7432
7420
7419
7414
7412
7407
7403
7401
7397
7396
7386
7383
7382
7379
7377
7372
7361
7356
7354
7348
7347
7340
7336
7319
7316
7314
7313
7312
7305
7303
7295
7291
7288
7278
7276
7274
7272
7270
7260
7259
7257
7255
7254
7249
7248
7245
7244
7237
7229
7225
7216
7215
7213
7211
7203
7201
7200
7193
7186
7185
7181
7178
7177
7174
7171
7153
7150
7149
7141
7135
7128
7127
7120
7115
7104
7091
7082
7081
7076
7068
7066
7062
7060
7056
7051
7047
7043
7041
7039
7034
7033
7028
7020
7019
7016
7015
7013
7009
7001
6999
6994
6993
6988
6987
6976
6975
6969
6960
6959
6953
6949
6947
6945
6939
6935
6933
6929
6926
6921
6903
6889
6884
6877
6876
6874
6862
6861
6859
6858
6853
6843
6842
6840
6838
6836
6834
6829
6813
6812
6811
6805
6780
6778
6772
6759
6751
6745
6737
6725
6722
6716
6713
6696
6686
6678
6677
6673
6666
6665
6652
6651
6649
6647
6639
6635
6631
6623
6620
6617
6611
6605
6604
6602
6598
6592
6580
6572
6564
6558
6556
6555
6554
6552
6550
6549
6547
6543
6535
6526
6525
6523
6522
6521
6507
6504
6499
6497
6494
6477
6469
6467
6463
6461
6451
6448
6447
6439
6432
6431
6430
6429
6427
6425
6419
6415
6414
6411
6410
6409
6403
6401
6396
6383
6375
6370
6361
6349
6338
6337
6332
6331
6323
6320
6318
6316
6313
6310
6306
6305
6299
6298
6287
6274
6273
6269
6263
6257
6246
6245
6233
6231
6228
6224
6215
6207
6204
6203
6191
6186
6184
6178
6174
6171
6170
6168
6161
6150
6131
6125
6123
6122
6121
6115
6106
6104
6102
6100
6099
6091
6088
6084
6080
6078
6077
6065
6064
6063
6062
6053
6047
6044
6040
6039
6035
6031
6025
6021
6014
6005
5998
5991
5990
5988
5966
5965
5961
5953
5943
5936
5930
5927
5922
5920
5905
5890
5889
5886
5873
5872
5869
5867
5860
5859
5854
5844
5842
5839
5838
5830
5824
5813
5805
5786
5784
5779
5772
5756
5755
5751
5750
5749
5742
5739
5733
5732
5730
5728
5725
5723
5709
5706
5702
5697
5693
5684
5683
5678
5677
5671
5660
5659
5657
5655
5650
5640
5635
5633
5614
5601
5600
5592
5587
5585
5584
5579
5577
5573
5572
5568
5558
5554
5552
5549
5545
5544
5543
5540
5536
5534
5519
5518
5502
5498
5494
5491
5487
5471
5464
5459
5458
5443
5441
5431
5418
5410
5397
5389
5387
5382
5380
5377
5376
5370
5366
5361
5359
5357
5341
5336
5332
5325
5316
5310
5308
5307
5305
5302
5300
5296
5277
5274
5267
5262
5256
5255
5252
5245
5244
5243
5233
5222
5221
5204
5198
5196
5194
5189
5177
5175
5169
5168
5165
5161
5156
5150
5144
5141
5138
5136
5135
5130
5126
5124
5119
5118
5116
5114
5111
5104
5102
5099
5098
5093
5091
5073
5070
5066
5052
5046
5041
5039
5034
5033
5026
5024
5013
5006
5000
4998
4994
4992
4988
4987
4980
4976
4973
4972
4969
4966
4961
4956
4948
4941
4934
4929
4926
4920
4917
4914
4910
4906
4905
4891
4888
4879
4873
4870
4852
4846
4842
4833
4814
4806
4802
4797
4785
4783
4780
4777
4776
4773
4768
4767
4766
4765
4762
4757
4755
4752
4740
4738
4734
4726
4725
4721
4713
4710
4707
4689
4676
4675
4671
4670
4667
4651
4647
4645
4617
4606
4605
4596
4585
4578
4575
4572
4568
4564
4563
4561
4557
4550
4549
4546
4541
4540
4537
4536
4527
4519
4518
4511
4510
4508
4502
4490
4485
4480
4478
4476
4471
4463
4461
4458
4451
4450
4449
4448
4435
4430
4422
4410
4406
4405
4402
4393
4388
4385
4381
4371
4366
4358
4355
4344
4341
4338
4335
4332
4325
4324
4322
4309
4306
4304
4303
4301
4300
4293
4290
4288
4286
4284
4283
4282
4275
4274
4273
4270
4260
4258
4257
4256
4245
4241
4240
4239
4229
4226
4223
4213
4206
4202
4201
4189
4185
4183
4177
4173
4170
4168
4166
4162
4160
4158
4157
4156
4150
4146
4143
4139
4136
4133
4130
4129
4126
4121
4119
4106
4105
4102
4094
4089
4086
4082
4078
4075
4072
4068
4062
4049
4039
4023
4006
4003
4000
3987
3973
3972
3971
3969
3960
3958
3956
3954
3949
3945
3943
3936
3931
3924
3919
3917
3914
3912
3904
3898
3891
3889
3878
3877
3867
3865
3864
3861
3860
3855
3850
3823
3815
3810
3806
3805
3804
3794
3790
3788
3778
3773
3772
3770
3764
3748
3746
3739
3737
3735
3724
3712
3711
3710
3698
3691
3690
3688
3687
3686
3675
3671
3670
3661
3660
3649
3646
3634
3620
3613
3608
3605
3601
3597
3596
3582
3580
3567
3562
3559
3557
3551
3544
3540
3538
3536
3533
3529
3525
3519
3517
3515
3504
3500
3499
3497
3490
3487
3480
3474
3472
3471
3467
3458
3443
3438
3433
3429
3425
3424
3417
3409
3401
3400
3398
3397
3387
3381
3380
3376
3374
3363
3354
3345
3343
3342
3335
3317
3312
3311
3307
3302
3301
3299
3290
3286
3284
3279
3276
3275
3265
3254
3245
3243
3242
3241
3233
3232
3228
3226
3225
3211
3203
3198
3195
3193
3192
3184
3179
3170
3164
3156
3153
3149
3146
3138
3137
3136
3126
3121
3107
3102
3080
3076
3071
3062
3057
3056
3050
3032
3031
3030
3023
3022
3018
3015
3013
3009
2997
2994
2991
2989
2978
2976
2968
2958
2952
2948
2946
2944
2938
2932
2928
2925
2924
2922
2915
2911
2907
2903
2902
2898
2893
2892
2889
2886
2885
2883
2882
2880
2868
2866
2859
2854
2852
2847
2845
2842
2829
2827
2825
2822
2821
2817
2815
2813
2812
2809
2808
2805
2804
2803
2794
2787
2786
2781
2769
2762
2750
2749
2738
2731
2727
2726
2722
2717
2713
2700
2694
2690
2687
2680
2671
2664
2631
2630
2628
2625
2624
2620
2618
2617
2612
2610
2601
2600
2595
2587
2584
2581
2575
2574
2570
2566
2565
2547
2543
2541
2534
2531
2524
2521
2518
2517
2516
2512
2508
2504
2502
2495
2483
2475
2470
2466
2465
2454
2452
2451
2442
2441
2428
2427
2426
2425
2406
2402
2395
2394
2391
2387
2385
2384
2379
2372
2365
2363
2358
2356
2352
2340
2334
2329
2319
2317
2307
2301
2300
2294
2293
2283
2280
2278
2277
2275
2272
2271
2270
2264
2261
2258
2244
2237
2233
2230
2229
2228
2226
2224
2210
2194
2192
2189
2187
2186
2181
2179
2165
2163
2151
2147
2137
2135
2134
2131
2127
2126
2121
2111
2110
2096
2095
2091
2090
2083
2077
2069
2068
2064
2062
2057
2054
2046
2044
2042
2027
2023
2008
2006
2005
1988
1986
1977
1974
1973
1963
1962
1957
1950
1948
1942
1930
1929
1919
1913
1903
1902
1893
1888
1879
1878
1877
1866
1864
1846
1845
1844
1837
1832
1831
1829
1828
1813
1791
1783
1781
1779
1770
1765
1758
1756
1750
1746
1744
1739
1725
1724
1723
1713
1709
1702
1698
1694
1692
1689
1688
1686
1678
1676
1670
1657
1656
1655
1649
1648
1643
1632
1630
1628
1613
1611
1601
1597
1592
1584
1583
1577
1574
1571
1569
1555
1553
1548
1542
1540
1533
1531
1529
1528
1526
1522
1521
1518
1507
1497
1491
1481
1479
1478
1452
1447
1445
1420
1413
1402
1393
1385
1378
1376
1369
1368
1367
1360
1358
1355
1351
1349
1331
1330
1323
1318
1315
1310
1307
1303
1299
1294
1291
1287
1283
1282
1281
1277
1266
1263
1256
1251
1250
1249
1244
1243
1238
1235
1231
1216
1215
1206
1200
1198
1195
1193
1192
1190
1187
1184
1181
1177
1174
1171
1170
1161
1140
1132
1128
1125
1119
1108
1095
1090
1067
1063
1061
1059
1057
1056
1052
1051
1039
1037
1032
1031
1025
1023
1015
1014
1012
1011
1010
1009
986
976
974
955
954
951
949
943
942
940
938
933
931
920
919
918
913
909
907
904
900
896
892
887
881
878
877
874
872
870
869
866
855
849
845
844
838
832
831
822
808
799
798
785
782
774
773
770
768
765
761
757
755
747
742
739
726
714
713
712
709
701
694
690
687
672
664
663
660
659
658
652
639
636
634
633
626
625
620
605
604
597
595
591
583
582
573
534
529
527
526
523
522
516
514
507
506
505
500
492
489
486
485
483
477
465
464
458
455
452
442
441
413
410
406
390
389
373
370
367
366
360
356
353
349
348
347
343
342
333
330
328
326
321
315
310
307
298
288
282
274
273
271
269
267
266
260
256
247
245
234
233
220
216
215
202
200
198
187
184
175
166
164
161
160
152
144
143
142
135
130
112
110
93
89
85
64
63
62
61
60
53
52
47
37
35
33
27
22
12
3
0
