49996
49980
49974
49960
49959
49944
49943
49929
49914
49907
49900
49899
49897
49890
49889
49887
49860
49850
49845
49842
49837
49836
49832
49829
49823
49822
49814
49813
49803
49801
49766
49760
49743
49700
49696
49686
49685
49682
49663
49650
49648
49642
49622
49615
49593
49592
49582
49567
49566
49563
49544
49543
49533
49526
49523
49495
49490
49481
49475
49463
49439
49422
49401
49398
49391
49388
49383
49338
49336
49335
49333
49330
49317
49297
49294
49290
49280
49278
49264
49258
49253
49248
49246
49229
49228
49218
49208
49207
49196
49183
49175
49172
49167
49158
49149
49148
49141
49138
49106
49105
49056
49054
49036
49025
49010
49005
48979
48976
48954
48943
48941
48930
48926
48905
48898
48897
48869
48866
48853
48839
48829
48824
48819
48809
48808
48807
48806
48798
48782
48778
48760
48753
48725
48719
48695
48685
48680
48675
48667
48663
48658
48636
48630
48623
48610
48608
48598
48593
48591
48584
48574
48567
48559
48552
48549
48536
48533
48517
48501
48485
48479
48470
48468
48464
48460
48451
48449
48439
48434
48432
48392
48366
48358
48355
48354
48349
48329
48300
48292
48287
48285
48275
48269
48245
48231
48216
48194
48184
48168
48165
48162
48155
48146
48141
48135
48118
48116
48110
48108
48091
48080
48074
48069
48058
48039
48027
48020
48002
47988
47954
47943
47942
47935
47926
47924
47907
47903
47900
47898
47871
47867
47866
47862
47821
47819
47818
47796
47794
47785
47775
47757
47753
47751
47749
47742
47730
47728
47724
47721
47719
47667
47650
47629
47627
47595
47593
47589
47574
47573
47569
47565
47564
47554
47546
47544
47515
47485
47475
47466
47456
47440
47438
47433
47427
47413
47398
47397
47385
47381
47371
47367
47356
47353
47344
47335
47331
47312
47311
47298
47260
47253
47234
47218
47211
47207
47206
47202
47190
47186
47181
47171
47151
47140
47138
47133
47088
47077
47073
47063
47057
47055
47042
47033
47025
47024
47021
46996
46970
46965
46963
46945
46919
46909
46908
46906
46901
46894
46889
46887
46879
46877
46876
46875
46853
46852
46841
46828
46824
46809
46808
46803
46799
46787
46786
46775
46760
46748
46747
46745
46730
46695
46684
46677
46676
46667
46663
46599
46598
46595
46594
46591
46590
46583
46581
46566
46561
46559
46551
46550
46545
46532
46522
46505
46504
46491
46488
46482
46465
46464
46459
46450
46442
46435
46422
46413
46411
46390
46383
46381
46369
46365
46350
46348
46333
46316
46307
46304
46285
46277
46269
46263
46262
46259
46256
46248
46244
46227
46226
46212
46207
46201
46185
46180
46179
46172
46166
46156
46152
46146
46144
46128
46099
46096
46094
46085
46079
46062
46053
46047
46044
46033
46026
46024
46017
45998
45993
45992
45960
45954
45952
45939
45934
45914
45881
45847
45844
45828
45824
45821
45814
45775
45770
45755
45752
45743
45710
45693
45681
45678
45668
45666
45661
45652
45648
45638
45634
45614
45559
45525
45505
45493
45485
45481
45479
45465
45464
45453
45449
45447
45446
45441
45428
45425
45424
45413
45406
45386
45384
45383
45376
45368
45357
45348
45343
45339
45323
45322
45320
45315
45295
45291
45286
45240
45237
45233
45225
45220
45183
45174
45160
45157
45135
45131
45120
45119
45118
45110
45098
45095
45086
45060
45049
45043
45029
45028
45010
45008
44995
44985
44977
44965
44939
44938
44934
44913
44912
44906
44891
44887
44878
44876
44872
44867
44858
44857
44855
44844
44832
44828
44814
44795
44782
44768
44767
44747
44746
44740
44739
44732
44715
44699
44691
44688
44681
44655
44653
44652
44651
44637
44634
44628
44619
44616
44606
44595
44590
44569
44568
44563
44552
44506
44488
44472
44461
44443
44435
44420
44415
44404
44399
44381
44377
44373
44363
44347
44340
44337
44314
44303
44296
44294
44293
44292
44273
44266
44261
44257
44255
44251
44250
44248
44243
44236
44223
44221
44198
44181
44178
44173
44139
44135
44129
44122
44110
44107
44106
44104
44101
44088
44079
44069
44064
44051
44050
44035
44033
44032
44018
44017
44015
44003
43992
43983
43976
43967
43965
43939
43931
43921
43904
43899
43893
43890
43886
43855
43851
43839
43823
43820
43812
43810
43783
43760
43755
43747
43732
43722
43719
43706
43699
43697
43666
43659
43651
43643
43639
43615
43608
43593
43582
43564
43532
43530
43513
43511
43509
43507
43498
43484
43481
43479
43439
43426
43422
43416
43413
43387
43374
43371
43365
43363
43351
43341
43340
43321
43319
43301
43296
43295
43290
43287
43274
43272
43265
43264
43260
43250
43246
43235
43202
43188
43179
43162
43153
43144
43142
43095
43091
43088
43077
43023
43019
43012
43006
43005
42985
42976
42967
42959
42958
42933
42923
42915
42905
42879
42873
42865
42852
42846
42819
42795
42786
42769
42767
42760
42744
42743
42731
42729
42712
42679
42638
42630
42616
42605
42593
42579
42574
42560
42547
42546
42536
42533
42518
42503
42501
42492
42491
42485
42474
42471
42465
42464
42448
42427
42426
42418
42391
42382
42369
42364
42358
42344
42340
42331
42298
42296
42293
42273
42263
42252
42249
42237
42235
42227
42194
42189
42184
42176
42166
42127
42090
42086
42085
42083
42081
42062
42061
42046
42044
42038
42020
42003
42001
41983
41981
41978
41951
41949
41929
41908
41906
41902
41887
41862
41849
41839
41830
41824
41810
41807
41804
41795
41793
41792
41789
41782
41770
41765
41759
41754
41752
41751
41745
41731
41677
41665
41663
41662
41652
41634
41628
41625
41613
41609
41573
41570
41557
41552
41541
41536
41533
41525
41517
41493
41492
41488
41485
41476
41474
41471
41462
41445
41436
41415
41412
41407
41403
41371
41356
41352
41337
41326
41324
41319
41316
41311
41309
41304
41267
41263
41249
41247
41237
41232
41221
41197
41178
41170
41134
41121
41100
41074
41062
41053
41009
41005
41002
40997
40996
40986
40977
40975
40965
40962
40942
40938
40935
40933
40912
40910
40905
40895
40893
40863
40846
40840
40827
40806
40800
40787
40786
40781
40774
40772
40771
40757
40741
40717
40711
40701
40696
40688
40682
40658
40627
40617
40614
40596
40543
40540
40538
40526
40521
40520
40519
40516
40512
40507
40500
40491
40474
40470
40468
40452
40438
40435
40429
40426
40423
40422
40413
40412
40374
40336
40318
40309
40295
40287
40273
40271
40251
40246
40234
40228
40213
40212
40185
40171
40134
40129
40114
40099
40045
40042
40040
40028
40027
40025
39996
39985
39983
39982
39977
39971
39895
39892
39879
39871
39850
39820
39810
39794
39778
39771
39759
39750
39738
39732
39716
39704
39701
39695
39689
39683
39678
39676
39671
39652
39649
39647
39636
39633
39632
39619
39591
39583
39575
39566
39534
39533
39525
39523
39520
39483
39481
39480
39472
39419
39405
39404
39396
39387
39377
39355
39354
39344
39337
39322
39317
39304
39289
39285
39281
39277
39276
39266
39263
39259
39249
39246
39227
39218
39203
39200
39195
39194
39166
39157
39155
39144
39065
39059
39058
39057
39037
39014
39005
38989
38964
38955
38936
38901
38898
38869
38855
38844
38842
38835
38824
38820
38801
38794
38777
38770
38748
38745
38722
38715
38711
38706
38705
38702
38687
38676
38672
38646
38641
38631
38623
38621
38607
38601
38587
38586
38569
38561
38546
38544
38538
38515
38510
38505
38503
38488
38472
38471
38457
38447
38442
38411
38410
38394
38384
38383
38367
38364
38358
38339
38334
38327
38318
38316
38311
38304
38299
38271
38264
38261
38253
38238
38235
38225
38221
38211
38210
38205
38204
38193
38186
38184
38180
38175
38170
38169
38166
38152
38141
38127
38118
38116
38094
38085
38057
38056
38048
38045
38032
38024
37977
37944
37942
37921
37919
37911
37905
37901
37889
37879
37875
37866
37865
37860
37857
37855
37854
37848
37842
37818
37808
37786
37776
37775
37763
37746
37724
37722
37698
37695
37693
37660
37653
37651
37606
37591
37579
37555
37551
37546
37533
37504
37485
37474
37472
37470
37461
37451
37449
37446
37443
37430
37415
37406
37397
37396
37395
37369
37361
37355
37325
37319
37311
37282
37259
37252
37215
37214
37204
37197
37194
37187
37180
37177
37176
37154
37147
37112
37108
37103
37102
37096
37083
37067
37044
37042
37039
36998
36978
36962
36947
36934
36930
36926
36922
36921
36919
36916
36914
36911
36909
36901
36879
36872
36866
36847
36836
36824
36822
36812
36808
36806
36804
36795
36782
36772
36767
36765
36759
36758
36746
36738
36729
36725
36720
36716
36710
36698
36694
36692
36691
36685
36669
36644
36640
36634
36633
36625
36616
36607
36599
36550
36540
36520
36485
36481
36460
36450
36440
36421
36413
36412
36405
36395
36388
36384
36382
36374
36366
36361
36357
36355
36333
36330
36292
36258
36256
36253
36250
36249
36246
36238
36236
36233
36221
36209
36204
36190
36184
36181
36171
36144
36138
36137
36112
36100
36090
36070
36056
36052
36040
36036
36030
36026
36015
36008
36002
35994
35989
35958
35957
35931
35927
35912
35908
35904
35902
35884
35868
35865
35857
35825
35814
35809
35792
35791
35766
35750
35723
35717
35716
35710
35707
35701
35699
35691
35690
35678
35671
35639
35624
35616
35589
35570
35554
35553
35537
35524
35512
35511
35507
35506
35500
35494
35487
35483
35473
35462
35435
35427
35419
35411
35410
35396
35383
35380
35370
35369
35350
35313
35303
35273
35268
35263
35261
35243
35237
35232
35228
35227
35197
35189
35187
35169
35150
35137
35134
35126
35113
35112
35093
35089
35073
35034
35019
35014
35013
35011
35008
35007
35005
35000
34996
34994
34980
34977
34970
34959
34935
34918
34911
34906
34900
34897
34884
34878
34875
34872
34868
34859
34856
34855
34847
34845
34832
34827
34824
34774
34770
34760
34744
34729
34717
34687
34678
34663
34662
34653
34648
34643
34628
34626
34618
34616
34609
34587
34577
34572
34570
34548
34547
34538
34535
34526
34518
34498
34450
34434
34432
34425
34398
34392
34390
34389
34386
34369
34333
34319
34313
34296
34285
34262
34257
34255
34253
34233
34232
34231
34221
34215
34212
34211
34199
34194
34188
34182
34173
34169
34168
34163
34161
34155
34146
34138
34123
34119
34116
34112
34111
34109
34102
34093
34092
34061
34059
34055
34037
34023
34022
34015
34014
34013
34009
34002
33980
33979
33973
33972
33962
33961
33948
33941
33933
33931
33914
33910
33906
33903
33896
33862
33854
33853
33852
33850
33840
33832
33831
33818
33817
33800
33793
33786
33777
33762
33761
33760
33757
33753
33732
33727
33709
33698
33697
33687
33686
33681
33678
33675
33673
33657
33627
33614
33611
33608
33604
33600
33598
33589
33576
33569
33563
33520
33490
33456
33443
33441
33436
33424
33422
33420
33413
33392
33383
33355
33343
33313
33301
33282
33260
33255
33252
33246
33238
33232
33230
33220
33219
33209
33207
33201
33199
33192
33189
33184
33183
33182
33180
33171
33167
33164
33121
33111
33097
33078
33075
33019
33008
33001
32996
32979
32967
32962
32961
32956
32938
32935
32926
32909
32907
32898
32883
32873
32869
32856
32822
32817
32815
32810
32803
32801
32789
32761
32759
32753
32752
32748
32729
32694
32678
32660
32652
32651
32643
32636
32629
32621
32611
32605
32581
32575
32565
32562
32547
32544
32530
32526
32511
32506
32500
32489
32486
32466
32419
32418
32415
32396
32382
32378
32373
32367
32325
32324
32305
32270
32264
32262
32249
32248
32244
32232
32230
32210
32207
32199
32188
32183
32180
32175
32172
32171
32151
32138
32129
32123
32120
32118
32116
32098
32097
32089
32078
32072
32066
32064
32050
32030
32029
32027
32013
32009
32002
31952
31946
31942
31938
31930
31920
31913
31906
31890
31867
31865
31834
31830
31810
31806
31797
31789
31788
31771
31757
31755
31754
31751
31732
31731
31721
31713
31701
31687
31682
31675
31670
31667
31647
31646
31645
31639
31626
31622
31616
31605
31600
31596
31582
31578
31557
31543
31521
31517
31509
31508
31497
31495
31493
31488
31477
31471
31469
31464
31461
31449
31448
31433
31420
31419
31396
31385
31377
31374
31348
31344
31342
31336
31328
31300
31299
31232
31223
31218
31209
31205
31202
31160
31158
31156
31143
31137
31131
31130
31106
31094
31074
31064
31043
30984
30978
30959
30954
30951
30948
30943
30939
30931
30927
30912
30908
30906
30883
30874
30872
30871
30867
30854
30848
30831
30826
30820
30800
30790
30789
30775
30773
30767
30756
30750
30746
30740
30737
30715
30696
30687
30679
30660
30656
30652
30648
30647
30629
30603
30601
30591
30583
30582
30577
30573
30561
30559
30538
30527
30523
30521
30519
30471
30464
30456
30455
30451
30448
30447
30431
30416
30388
30383
30369
30340
30328
30323
30321
30307
30300
30283
30275
30272
30253
30239
30234
30226
30224
30219
30212
30208
30205
30197
30195
30188
30173
30144
30121
30098
30073
30067
30063
30060
30054
30031
30030
30023
30022
30019
30018
30009
30007
30003
29995
29942
29930
29920
29919
29907
29899
29898
29884
29869
29865
29856
29839
29838
29833
29829
29814
29806
29801
29793
29782
29773
29766
29762
29748
29734
29720
29704
29696
29693
29678
29677
29672
29658
29652
29645
29641
29638
29614
29592
29577
29567
29566
29551
29547
29544
29538
29537
29516
29499
29498
29495
29480
29467
29464
29462
29438
29420
29411
29409
29392
29389
29361
29359
29330
29323
29322
29321
29320
29317
29316
29272
29259
29257
29254
29252
29246
29225
29224
29222
29214
29210
29207
29202
29197
29194
29157
29153
29107
29103
29074
29058
29049
29044
29035
29018
29016
29015
29010
29006
28995
28990
28985
28981
28978
28975
28972
28969
28967
28965
28932
28922
28910
28909
28885
28881
28876
28874
28861
28856
28855
28847
28841
28839
28812
28811
28798
28791
28783
28780
28776
28767
28765
28752
28750
28742
28741
28739
28735
28732
28728
28719
28718
28680
28679
28649
28634
28623
28612
28609
28602
28600
28590
28587
28583
28579
28575
28565
28552
28543
28534
28526
28508
28504
28501
28473
28463
28446
28428
28424
28421
28412
28399
28392
28329
28322
28319
28311
28304
28297
28281
28273
28259
28251
28247
28242
28195
28181
28160
28155
28153
28150
28144
28120
28119
28113
28110
28109
28102
28095
28093
28090
28086
28083
28066
28043
28041
28020
27971
27949
27943
27933
27928
27924
27920
27900
27899
27894
27893
27888
27885
27877
27874
27866
27852
27843
27826
27821
27800
27790
27781
27776
27764
27751
27743
27733
27679
27677
27676
27670
27669
27637
27630
27614
27609
27604
27588
27585
27577
27551
27544
27504
27471
27462
27455
27443
27442
27422
27419
27413
27403
27397
27388
27384
27381
27378
27377
27367
27361
27360
27355
27351
27350
27339
27336
27335
27334
27324
27323
27306
27296
27291
27287
27277
27265
27263
27253
27250
27243
27221
27220
27207
27204
27194
27186
27184
27174
27172
27164
27153
27148
27131
27127
27090
27086
27054
27047
27042
27036
27034
27008
26989
26984
26974
26971
26922
26902
26875
26869
26863
26831
26828
26827
26819
26815
26811
26794
26792
26790
26780
26760
26736
26708
26707
26662
26655
26625
26624
26613
26591
26589
26585
26568
26558
26540
26538
26527
26497
26496
26492
26487
26478
26470
26448
26435
26434
26431
26428
26419
26416
26414
26402
26395
26386
26362
26361
26354
26335
26331
26330
26310
26289
26280
26270
26267
26264
26261
26253
26199
26192
26183
26167
26161
26158
26147
26139
26132
26131
26123
26105
26082
26076
26069
26056
26052
26042
26030
26015
26014
26013
25989
25980
25977
25964
25961
25955
25951
25942
25907
25900
25896
25886
25873
25860
25834
25827
25800
25787
25784
25782
25765
25764
25745
25736
25721
25720
25714
25697
25693
25690
25680
25675
25661
25657
25656
25655
25646
25639
25627
25619
25608
25585
25570
25569
25568
25567
25535
25529
25525
25511
25495
25490
25483
25475
25473
25463
25462
25450
25445
25437
25434
25431
25420
25416
25409
25401
25396
25394
25369
25364
25326
25308
25304
25296
25284
25246
25234
25230
25187
25180
25178
25176
25165
25155
25124
25111
25109
25097
25094
25086
25084
25030
25023
25011
24973
24960
24958
24953
24936
24929
24905
24898
24896
24890
24880
24878
24859
24848
24840
24832
24824
24818
24812
24790
24775
24763
24758
24746
24730
24718
24699
24667
24665
24654
24633
24628
24627
24615
24611
24597
24594
24593
24591
24590
24584
24576
24556
24548
24541
24540
24535
24525
24524
24509
24499
24497
24494
24481
24477
24473
24466
24458
24450
24445
24432
24419
24418
24414
24407
24394
24391
24388
24343
24338
24311
24304
24290
24289
24267
24259
24254
24236
24228
24205
24166
24160
24159
24154
24149
24142
24137
24136
24117
24115
24112
24106
24095
24090
24043
24036
24033
24007
24001
23975
23950
23901
23895
23891
23880
23879
23865
23858
23844
23838
23825
23801
23796
23777
23769
23753
23751
23747
23737
23718
23710
23709
23708
23707
23706
23700
23697
23685
23677
23674
23667
23648
23621
23591
23582
23576
23572
23565
23557
23555
23549
23531
23525
23524
23522
23521
23511
23508
23507
23502
23487
23484
23483
23474
23470
23467
23466
23432
23426
23420
23412
23394
23388
23384
23375
23374
23363
23360
23359
23347
23337
23335
23330
23322
23318
23312
23304
23300
23298
23288
23267
23249
23243
23236
23208
23188
23178
23172
23150
23145
23130
23128
23122
23098
23092
23078
23077
23071
23052
23050
23049
23046
23034
23031
23028
23023
23009
23007
23001
22998
22993
22978
22966
22961
22953
22950
22927
22912
22908
22907
22906
22902
22867
22866
22864
22859
22844
22842
22838
22825
22815
22813
22812
22799
22788
22773
22768
22744
22742
22738
22729
22727
22720
22708
22686
22682
22668
22659
22655
22646
22644
22641
22640
22634
22632
22626
22625
22605
22585
22567
22551
22533
22528
22526
22523
22491
22489
22485
22484
22467
22466
22449
22441
22432
22415
22411
22404
22401
22385
22371
22351
22349
22345
22334
22317
22316
22306
22278
22274
22273
22267
22265
22252
22248
22245
22244
22213
22207
22198
22168
22164
22159
22156
22142
22132
22131
22123
22117
22110
22103
22087
22062
22053
22040
22033
22008
21990
21979
21975
21959
21958
21951
21946
21936
21929
21907
21904
21898
21895
21890
21879
21864
21859
21845
21835
21831
21818
21791
21790
21788
21781
21779
21776
21774
21771
21764
21754
21749
21742
21739
21738
21737
21727
21713
21701
21697
21692
21673
21667
21638
21615
21611
21604
21593
21589
21565
21562
21540
21526
21517
21511
21510
21509
21485
21483
21478
21473
21468
21466
21458
21438
21426
21421
21404
21396
21334
21329
21327
21295
21286
21280
21277
21274
21268
21260
21259
21243
21208
21197
21186
21183
21166
21159
21153
21132
21120
21103
21090
21073
21071
21054
21046
21035
21034
21030
21025
21020
21006
20993
20957
20954
20951
20933
20926
20921
20914
20906
20903
20901
20884
20861
20853
20848
20846
20827
20821
20798
20787
20764
20750
20734
20730
20728
20722
20718
20710
20691
20688
20677
20665
20660
20656
20628
20625
20618
20578
20569
20558
20545
20544
20543
20529
20526
20508
20463
20456
20444
20434
20432
20427
20393
20378
20367
20359
20355
20352
20344
20343
20329
20327
20322
20320
20310
20307
20287
20273
20268
20252
20246
20243
20221
20207
20202
20199
20188
20168
20132
20123
20115
20097
20087
20082
20074
20072
20058
20036
20030
20017
20014
19996
19984
19977
19971
19958
19941
19938
19935
19906
19904
19884
19864
19847
19832
19825
19813
19811
19791
19787
19775
19768
19767
19755
19752
19743
19740
19734
19732
19728
19705
19698
19697
19694
19679
19674
19673
19668
19629
19628
19626
19575
19550
19542
19540
19522
19519
19518
19512
19506
19500
19492
19461
19432
19425
19408
19364
19328
19315
19298
19294
19292
19285
19253
19250
19249
19240
19239
19238
19229
19214
19210
19199
19188
19158
19150
19147
19130
19106
19081
19075
19046
19038
19037
19032
19010
19009
18964
18960
18955
18946
18925
18922
18910
18901
18890
18875
18873
18870
18869
18862
18853
18852
18851
18817
18780
18759
18742
18727
18726
18717
18707
18705
18704
18686
18673
18669
18668
18664
18661
18652
18639
18634
18618
18613
18600
18597
18596
18584
18567
18557
18553
18547
18517
18515
18491
18469
18452
18443
18440
18431
18425
18419
18392
18381
18369
18353
18340
18339
18338
18336
18335
18325
18313
18305
18288
18273
18266
18262
18259
18237
18218
18194
18193
18190
18189
18176
18170
18140
18121
18088
18068
18054
18035
18019
18008
17995
17992
17988
17983
17973
17961
17937
17877
17874
17869
17866
17862
17855
17846
17844
17824
17792
17784
17782
17781
17741
17714
17706
17685
17677
17673
17670
17664
17653
17647
17644
17632
17630
17623
17585
17579
17553
17546
17533
17532
17528
17504
17498
17483
17454
17451
17442
17425
17401
17400
17397
17373
17364
17362
17354
17343
17308
17289
17288
17286
17277
17266
17253
17236
17230
17206
17162
17161
17157
17153
17135
17109
17107
17106
17085
17082
17065
17048
17043
17037
17036
17024
17022
17014
17012
17006
17003
17001
16999
16998
16996
16993
16992
16990
16971
16958
16955
16942
16935
16928
16923
16918
16910
16909
16891
16859
16851
16841
16839
16834
16826
16825
16816
16813
16790
16781
16774
16762
16746
16741
16733
16726
16724
16686
16669
16663
16661
16660
16658
16655
16647
16625
16620
16613
16611
16605
16602
16588
16585
16564
16545
16527
16507
16494
16490
16484
16482
16480
16384
16379
16355
16335
16306
16304
16302
16283
16275
16253
16248
16245
16244
16193
16190
16182
16172
16164
16161
16157
16153
16147
16124
16104
16088
16087
16086
16058
16034
16023
16020
16013
16006
16005
15971
15967
15963
15925
15922
15909
15907
15889
15872
15862
15861
15857
15839
15836
15819
15807
15795
15793
15791
15788
15767
15756
15751
15739
15728
15712
15698
15670
15669
15660
15659
15656
15650
15639
15631
15604
15600
15599
15582
15578
15568
15547
15541
15540
15522
15507
15502
15496
15487
15479
15477
15465
15454
15453
15437
15429
15410
15397
15396
15388
15385
15382
15373
15370
15358
15357
15350
15347
15346
15334
15331
15325
15323
15320
15311
15309
15303
15297
15296
15279
15271
15250
15245
15243
15234
15233
15229
15223
15197
15183
15154
15134
15126
15113
15112
15110
15106
15096
15091
15087
15085
15080
15077
15075
15073
15072
15064
15063
15043
15042
15024
15021
14994
14988
14984
14972
14960
14957
14952
14950
14948
14943
14910
14908
14904
14895
14893
14877
14874
14860
14836
14819
14814
14797
14795
14790
14788
14779
14778
14771
14769
14745
14744
14725
14711
14705
14698
14687
14617
14589
14573
14571
14559
14545
14526
14511
14509
14506
14499
14475
14463
14442
14422
14411
14405
14404
14394
14382
14363
14356
14354
14352
14343
14321
14320
14319
14301
14295
14292
14275
14272
14252
14234
14205
14179
14177
14176
14172
14165
14142
14126
14108
14103
14095
14093
14087
14084
14078
14074
14073
14069
14065
14053
14047
14031
14022
14021
14009
14002
13992
13959
13955
13924
13919
13903
13898
13885
13883
13868
13864
13863
13855
13846
13843
13828
13825
13820
13808
13787
13785
13784
13767
13762
13715
13708
13703
13700
13699
13685
13676
13675
13672
13665
13657
13650
13645
13643
13635
13631
13609
13607
13598
13590
13564
13518
13517
13510
13509
13503
13491
13476
13461
13458
13428
13420
13406
13404
13395
13383
13368
13341
13335
13323
13307
13298
13286
13285
13251
13250
13248
13225
13217
13199
13195
13187
13164
13163
13148
13085
13075
13069
13062
13048
13038
13035
13032
13024
13006
12997
12981
12976
12960
12955
12950
12947
12937
12920
12892
12885
12881
12878
12876
12869
12863
12854
12842
12838
12833
12815
12809
12800
12781
12755
12746
12736
12724
12717
12704
12652
12649
12630
12625
12608
12606
12593
12590
12587
12572
12561
12528
12523
12494
12477
12467
12465
12443
12433
12430
12421
12420
12419
12414
12411
12408
12403
12394
12393
12391
12389
12371
12341
12288
12285
12281
12280
12270
12269
12263
12258
12256
12255
12251
12238
12208
12207
12201
12194
12184
12172
12155
12153
12123
12104
12096
12091
12043
12042
12041
12040
12029
12028
12026
12014
12012
12010
11992
11980
11973
11967
11964
11957
11956
11951
11936
11935
11924
11899
11892
11878
11868
11865
11858
11856
11854
11853
11852
11847
11838
11837
11832
11813
11810
11807
11806
11795
11789
11781
11776
11774
11765
11742
11733
11732
11730
11728
11724
11709
11702
11685
11673
11661
11647
11644
11641
11638
11633
11629
11628
11613
11599
11585
11575
11573
11571
11567
11544
11540
11534
11526
11525
11502
11484
11477
11470
11444
11442
11438
11437
11391
11386
11382
11364
11362
11358
11315
11308
11305
11304
11290
11285
11272
11250
11236
11227
11221
11209
11200
11187
11160
11154
11146
11108
11105
11104
11103
11102
11087
11078
11066
11061
11060
11059
11057
11043
11042
11037
11031
11021
11018
11003
11002
10979
10973
10946
10938
10935
10934
10931
10919
10899
10894
10874
10865
10861
10850
10848
10828
10825
10823
10805
10803
10793
10781
10771
10767
10744
10738
10733
10699
10684
10671
10645
10640
10637
10613
10612
10588
10553
10550
10511
10506
10499
10481
10467
10454
10444
10439
10424
10422
10401
10396
10359
10349
10345
10343
10315
10310
10296
10285
10283
10277
10270
10260
10256
10249
10248
10233
10218
10217
10207
10205
10188
10185
10176
10175
10166
10156
10125
10123
10120
10114
10105
10104
10096
10095
10086
10035
10026
10022
10015
10011
10010
9955
9949
9947
9915
9892
9890
9885
9862
9840
9839
9830
9815
9803
9800
9797
9789
9786
9756
9750
9731
9709
9694
9690
9685
9672
9668
9665
9660
9657
9644
9630
9627
9599
9586
9575
9571
9565
9549
9546
9544
9515
9493
9486
9465
9454
9431
9415
9409
9405
9404
9396
9394
9388
9370
9359
9357
9346
9334
9330
9297
9287
9275
9274
9243
9235
9230
9208
9192
9179
9174
9173
9172
9151
9143
9138
9136
9129
9127
9125
9122
9099
9077
9074
9064
9059
9053
9051
9047
9045
9039
9022
9017
9001
8999
8981
8974
8970
8965
8957
8945
8931
8927
8922
8917
8902
8900
8895
8894
8888
8875
8858
8856
8850
8836
8819
8806
8801
8800
8799
8777
8765
8756
8750
8742
8740
8702
8700
8694
8690
8673
8668
8657
8653
8651
8649
8642
8627
8622
8597
8590
8580
8558
8545
8543
8520
8510
8503
8484
8474
8473
8472
8454
8453
8424
8418
8403
8399
8383
8381
8372
8369
8360
8355
8346
8339
8323
8319
8305
8293
8280
8242
8239
8230
8215
8208
8182
8172
8169
8159
8153
8151
8136
8131
8127
8124
8123
8119
8116
8087
8086
8076
8070
8065
8056
8053
8039
8019
8012
8004
8003
7989
7981
7980
7960
7951
7946
7941
7940
7930
7923
7922
7920
7901
7893
7885
7873
7866
7842
7841
7837
7834
7828
7826
7799
7776
7755
7751
7748
7733
7728
7720
7710
7706
7700
7693
7687
7678
7674
7660
7648
7645
7643
7637
7635
7632
7622
7619
7617
7608
7596
7595
7587
7576
7573
7544
7537
7526
7515
7500
7496
7492
7486
7472
7452
7447
7434
7432
7422
7419
7413
7393
7383
7372
7363
7347
7344
7335
7328
7319
7315
7301
7297
7292
7274
7271
7269
7267
7260
7249
7246
7235
7228
7225
7223
7208
7201
7181
7153
7151
7137
7117
7114
7104
7092
7091
7082
7073
7060
7052
7035
7031
7029
7015
7009
7002
7001
6991
6989
6986
6982
6974
6973
6969
6961
6945
6942
6921
6919
6894
6884
6880
6877
6872
6866
6851
6847
6824
6822
6817
6812
6805
6785
6763
6756
6754
6735
6732
6724
6712
6662
6626
6616
6572
6566
6564
6563
6542
6532
6526
6517
6494
6488
6464
6460
6444
6430
6416
6403
6394
6388
6384
6372
6368
6359
6357
6354
6349
6294
6292
6291
6290
6286
6272
6260
6259
6257
6243
6240
6234
6219
6202
6173
6152
6118
6114
6110
6107
6102
6092
6090
6072
6058
6054
6047
6004
6002
6000
5998
5992
5986
5980
5963
5957
5942
5938
5916
5913
5911
5899
5896
5886
5881
5876
5872
5858
5849
5845
5834
5833
5831
5825
5815
5809
5792
5774
5772
5746
5743
5734
5726
5717
5690
5676
5672
5667
5664
5657
5656
5646
5636
5628
5605
5601
5597
5596
5593
5592
5587
5562
5558
5551
5541
5538
5525
5497
5484
5481
5478
5468
5466
5451
5450
5445
5437
5412
5390
5389
5353
5346
5342
5341
5331
5328
5320
5318
5311
5303
5271
5238
5220
5213
5201
5195
5190
5188
5177
5173
5171
5168
5163
5148
5140
5139
5124
5119
5107
5088
5080
5079
5058
5054
5049
5024
5018
4990
4980
4972
4958
4946
4945
4936
4932
4927
4905
4901
4898
4894
4889
4888
4879
4863
4844
4839
4838
4825
4817
4793
4788
4787
4782
4780
4774
4766
4761
4737
4736
4733
4732
4708
4684
4680
4679
4668
4664
4659
4653
4651
4642
4588
4583
4580
4575
4569
4559
4554
4553
4541
4536
4530
4525
4518
4509
4485
4474
4470
4467
4466
4456
4446
4428
4417
4402
4367
4364
4343
4329
4308
4304
4301
4298
4287
4283
4276
4274
4269
4265
4250
4249
4246
4233
4232
4223
4201
4196
4162
4161
4157
4153
4152
4142
4107
4095
4082
4072
4069
4068
4039
4038
4030
4029
4025
4018
4004
3997
3976
3973
3962
3961
3948
3931
3925
3910
3904
3875
3873
3867
3861
3856
3849
3845
3836
3831
3829
3820
3817
3812
3810
3800
3797
3796
3758
3752
3741
3726
3722
3721
3700
3687
3672
3671
3662
3655
3653
3649
3640
3635
3631
3622
3620
3616
3580
3576
3567
3554
3550
3531
3522
3501
3490
3466
3465
3458
3450
3435
3432
3423
3400
3388
3375
3368
3361
3349
3341
3334
3320
3299
3290
3281
3280
3278
3275
3236
3233
3222
3213
3194
3189
3186
3169
3156
3148
3133
3128
3124
3104
3091
3088
3068
3065
3064
3063
3021
3003
2979
2973
2971
2962
2952
2921
2920
2910
2889
2875
2868
2855
2839
2826
2821
2820
2817
2815
2812
2811
2795
2794
2789
2785
2774
2772
2771
2759
2757
2730
2729
2727
2723
2701
2698
2695
2692
2688
2685
2680
2674
2671
2643
2641
2623
2618
2615
2604
2597
2592
2588
2587
2581
2579
2575
2568
2561
2555
2543
2538
2532
2531
2529
2528
2514
2511
2510
2506
2498
2495
2482
2479
2472
2461
2429
2418
2415
2412
2406
2402
2398
2395
2370
2361
2351
2338
2333
2329
2327
2317
2316
2308
2304
2292
2281
2276
2270
2218
2215
2194
2176
2171
2170
2159
2147
2143
2078
2075
2066
2062
2046
2036
2018
2005
2001
1971
1968
1959
1953
1922
1915
1906
1895
1890
1880
1869
1837
1834
1828
1826
1802
1800
1786
1751
1741
1739
1729
1709
1707
1704
1702
1680
1669
1655
1647
1645
1641
1609
1608
1604
1590
1585
1578
1561
1543
1536
1535
1519
1515
1495
1494
1471
1469
1466
1462
1445
1437
1418
1394
1380
1373
1347
1346
1342
1340
1322
1315
1299
1298
1281
1270
1260
1254
1251
1250
1218
1216
1205
1199
1197
1194
1190
1188
1182
1175
1150
1135
1133
1130
1124
1117
1101
1083
1064
1053
1039
1033
1028
1015
1011
1009
1004
992
948
945
941
937
919
914
911
902
881
880
877
848
811
793
785
782
781
779
752
751
737
736
734
713
710
699
693
670
666
663
654
650
634
611
603
600
599
573
559
550
547
545
531
510
509
471
455
435
429
425
415
413
408
403
401
399
398
386
385
370
361
340
326
314
301
300
284
268
261
249
245
244
237
220
217
214
212
211
206
201
187
182
162
155
154
147
100
95
89
85
72
69
66
55
51
42
28
18
2
