49970
49844
49762
49598
49401
49372
49272
49250
49216
49139
49068
49014
48930
48813
48795
48586
48577
48321
48222
48208
48178
47997
47807
47787
47705
47596
47555
47454
47386
47354
47326
47213
47208
47078
47066
47017
46819
46686
46615
46488
46398
46255
46148
46114
45592
45574
45564
45435
45429
45303
45220
45184
45180
45137
44985
44936
44888
44850
44721
44681
44595
44570
44472
44373
44320
44044
43885
43842
43807
43749
43688
43627
43604
43264
43198
43119
43082
42870
42855
42444
42306
42276
42219
42149
42135
42068
41993
41986
41553
41454
41250
40933
40871
40864
40544
40541
40467
40425
40422
40371
40370
40309
40204
40100
40015
39981
39979
39961
39955
39828
39760
39725
39696
39670
39596
39200
39140
39060
39034
39010
39004
38942
38868
38776
38661
38620
38351
38238
38199
38009
37574
37285
37231
36898
36869
36735
36660
36535
36504
36414
36326
36239
36155
35692
35642
35451
35353
35337
35152
35148
35110
34893
34575
34468
34095
34058
33924
33611
33529
33519
33360
33257
33208
33028
32966
32761
32689
32331
32275
32164
32089
32078
32012
31959
31892
31682
31672
31648
31537
31473
31464
31381
31292
31198
31150
31088
30961
30880
30769
30614
30537
30509
30371
29881
29871
29849
29654
29653
29616
29605
29515
29339
29321
29267
29203
28962
28948
28930
28925
28875
28759
28725
28627
28620
28572
28558
28391
28373
28227
28187
28163
27966
27823
27534
27507
27455
27436
27213
27187
27029
27010
27005
26903
26783
26630
26532
26431
26389
26348
26183
26177
26167
26039
25939
25913
25907
25897
25570
25412
25411
25341
25261
24881
24743
24733
24417
24346
24276
24001
23994
23979
23724
23685
23580
23131
23092
22988
22969
22951
22739
22737
22641
22640
22578
22349
22340
22118
22071
22022
21979
21944
21842
21834
21826
21821
21712
21647
21504
21402
21332
21260
20930
20913
20719
20699
20631
20362
20264
19960
19853
19834
19664
19389
19369
19299
19174
19147
19123
19097
19088
19021
18993
18988
18911
18864
18799
18659
18550
18341
18119
18107
18065
17966
17935
17832
17796
17621
17344
17308
17290
17219
17019
16697
16537
16211
16010
15915
15843
15833
15765
15582
15326
15293
15205
15171
14863
14756
14616
14514
14307
14202
13930
13865
13835
13760
13628
13516
13500
13485
13478
13397
13355
13328
13254
13204
12966
12928
12784
12771
12696
12682
12669
12625
12617
12530
12347
12300
12284
12184
12080
11983
11632
11566
11528
11451
11245
11217
11057
11013
11012
10953
10794
10738
10647
10564
10559
10200
10195
10172
10043
9949
9917
9880
9871
9855
9765
9678
9669
9636
9610
9589
9578
9526
9495
9478
9351
9338
9331
9323
9263
9234
9056
8974
8882
8876
8772
8763
8677
8628
8483
8462
7739
7706
7518
7274
7188
7185
7141
7077
6730
6521
6356
6244
6010
5969
5884
5740
5417
5185
5175
5167
5119
5112
5088
4901
4599
4553
4460
4427
4383
4254
4183
4073
3937
3663
3603
3533
3426
3313
3308
3058
2913
2909
2870
2782
2758
2677
2582
2564
2528
2499
2259
2168
1997
1859
1832
1787
1779
1749
1488
1358
1277
1099
742
660
540
525
467
348
13
