49266
49007
48654
48185
47815
47664
47300
47211
47180
46680
45659
45205
45041
43153
42791
42617
42095
41579
40601
40326
38570
38557
38033
37915
37768
37365
36994
36710
36451
36153
34836
34135
33514
33408
32203
32049
31167
31082
29918
29683
28632
28439
26338
26136
24588
24564
24391
24168
24146
23734
22584
22065
21839
21670
21548
21381
20927
20766
20622
20607
20204
19330
19219
19122
18854
18551
18047
17465
17053
16636
16498
15094
15029
13796
13483
13378
13322
13202
12999
12935
12358
12353
11304
11284
10584
10218
9216
8764
8467
7414
5612
5540
5040
4055
3525
3053
1266
856
817
463
