2613
3654
4052
4952
5221
5593
6944
7001
8974
9891
11519
11692
13961
14269
14839
18055
18542
20531
20693
22699
23382
23835
24199
25429
25809
25847
26209
28489
29288
29413
30363
31609
34155
35749
36033
36649
36725
39801
40267
44001
45838
46963
47283
47430
47544
48540
49067
49279
49773
50920
52155
53705
56564
56593
56674
61296
62320
62893
63567
65895
65908
66215
66426
66642
66894
67026
67197
69546
71601
73035
74514
76705
76737
77848
78583
78599
79685
80055
81238
81341
83077
83472
84080
84613
84998
86259
86405
91059
91683
92011
93183
93965
94377
94704
97177
97773
97875
98035
98340
98578
