24806
15025
28159
34126
25739
9591
34410
23893
24410
35219
4723
5720
20759
4363
44825
46795
46112
44510
7968
42721
28586
40813
47892
24341
48814
3501
19551
32642
34768
21331
28400
3918
12622
34933
33611
7033
5459
31768
30105
9512
40418
1248
47425
18273
34808
32837
6174
21664
34310
32767
31297
5357
5351
16895
34842
41413
13223
27162
5859
22961
17533
32233
4537
41271
8990
28519
45664
30915
20124
9440
49888
32662
1409
14389
2642
2463
17894
5015
13867
40566
28346
17196
11961
15944
7365
35033
38121
13680
12152
23186
31227
11522
147
29291
43586
38154
49821
28513
14923
3670
