42315
34835
24339
18705
16506
33285
27706
13719
24641
32755
23730
25175
10944
37755
26850
39650
2326
34816
17591
46488
1114
47447
16308
25394
32783
37106
17284
24834
9066
18667
3669
33626
25766
23070
28416
30495
46699
4150
39463
36987
38618
48657
17916
18475
12354
35971
23397
44210
18913
28315
17879
26574
42861
22259
32969
10807
22182
27317
16480
38067
32728
29309
22458
37361
17446
19606
14740
24537
21453
6229
29742
13074
25980
458
15854
38356
17214
21427
23692
23897
11955
45887
17024
31054
22310
38698
29089
3959
18322
33122
46275
31810
1547
30836
21568
38786
9842
14961
39805
4219
27713
3763
12708
28569
3243
49221
8596
11235
17948
6764
12081
47042
610
10338
7505
25108
28510
19038
24591
20638
41622
4337
31356
24014
40441
31364
31036
44573
27049
45451
25489
8128
1277
44767
28562
41036
12913
28395
37863
4371
1188
17278
30590
13207
29761
41096
15253
21931
39275
27399
30148
25966
49847
6058
2763
837
15329
15640
45756
2724
15650
37861
14423
14277
43488
24796
17863
19109
19500
11136
32020
11809
32839
14197
3900
11199
27343
42587
31877
36723
40139
20976
10116
5877
29381
7078
8054
43454
10740
46994
48469
49247
15238
48945
14841
17093
26649
34569
14015
6922
43433
18594
21023
41596
33567
46010
22180
38954
26783
24967
44657
47566
21565
12982
48547
42776
22452
39737
42683
187
35345
15345
27961
38959
3784
695
5604
33525
43071
9918
1690
34910
21388
34770
27458
39263
44366
16751
39500
32378
23416
23149
4718
8917
8268
13311
10369
24934
24909
17817
21235
18112
33356
25974
49603
13369
28408
29167
34867
539
18100
31024
45504
16511
8634
42078
27427
12546
22154
47876
28477
18444
31412
145
41938
39184
9900
34647
46522
31347
7244
25952
41866
5357
27641
10421
30780
17838
46912
36441
6430
34799
30056
39641
14473
38558
42116
37466
42409
34300
33706
30445
47798
1331
47322
7091
25164
21958
24368
41609
22837
10031
27865
32795
24715
25733
8247
19164
2812
43481
23129
73
17587
28917
15752
37715
45999
46410
33641
5110
29754
32521
29991
14259
12716
48378
13408
5800
42920
47685
34046
32312
5384
10662
30415
25709
26336
38802
31203
37474
39785
5458
4592
15395
11611
12620
11586
28347
45190
5946
16830
13341
43735
36868
4463
7423
24701
26108
35758
3231
19130
15136
12026
44954
3799
23537
9990
49308
22517
45691
41456
42781
36485
34923
49087
44683
45244
30509
12294
41350
15336
34100
46657
8694
31870
19891
10360
4789
48332
48190
25692
26660
3954
15994
36781
9279
45197
18201
40577
459
41256
30689
38908
22500
33015
31579
9020
41649
15475
18747
44308
46710
11021
45866
7832
6064
28294
26987
1578
42900
45775
36566
49738
30733
47742
4028
30916
45818
28688
27859
17535
32823
30048
29046
34390
43564
15120
43418
18483
47622
14445
36689
9782
27957
36695
4539
19472
29933
2465
23920
27752
8136
26202
42187
23844
43334
45462
3474
6488
44389
13930
40625
1477
4402
18858
15673
23103
44328
19004
39033
31201
35363
17321
44265
39790
22503
3847
17743
24039
7177
98
34759
12170
25562
2257
13333
21238
27937
24137
1864
47743
37131
5237
35641
34712
11792
11144
29183
45323
11082
16216
44996
36491
14241
15202
15796
1071
9536
8433
19618
30446
68
24
2541
19214
4142
6204
5832
880
36254
38099
22970
26020
31864
37691
9373
366
665
11565
46392
43458
15453
1130
43315
45511
8079
45070
2958
11976
36325
49581
49706
30746
12202
34459
45424
4954
291
46662
4006
13660
45841
46761
25416
21173
33599
4405
11983
12583
585
1991
2854
30235
14427
6880
28578
25922
48233
41948
30810
32654
19651
42223
33746
40063
41068
27847
40898
40549
32380
9747
35242
20683
22609
10198
18664
16008
37066
22988
6255
16452
34216
32927
10392
36310
8004
42921
14159
19770
15167
4853
18094
9923
14452
20452
9402
49782
16772
45712
17226
36205
17406
36004
16398
4430
45773
13505
1662
31442
39401
14565
36303
9989
12303
2546
44317
11234
3471
11226
28820
12954
43187
39751
33323
21111
14797
46026
42838
14557
3396
19292
34182
7935
33120
637
19818
44009
31495
47537
19120
40669
24696
22611
33919
11453
36113
31294
45144
22422
49749
29216
30269
32809
8495
12698
25775
38710
43619
30197
589
33931
197
48153
38576
20754
20130
2909
13451
2926
25280
11163
40517
21826
40607
39739
11192
30339
39859
48365
15394
21248
27798
6084
17956
10448
47069
43841
44902
21438
4481
10038
32697
4281
15509
13186
16329
42460
45739
21391
35183
28225
34914
31232
42014
47918
5988
16136
19996
29348
21416
44226
5267
47184
44645
23506
392
8020
39575
43987
1123
10270
40134
38925
15762
5992
5991
26144
17784
30612
22317
8451
38435
9768
14149
40985
11540
4529
43971
47228
42081
14992
8995
27414
49805
42351
1523
2295
1200
1546
29350
49526
25727
29923
28336
48242
15185
39175
23442
44305
31338
8301
21576
18026
40033
43870
25744
13558
15246
34754
564
29499
12404
2254
41926
48748
49504
9115
22783
29715
8171
3941
38126
9204
22770
10651
19594
12289
4413
8479
23439
48842
6176
42862
42044
17606
24479
13324
3000
38553
15419
2012
15607
26979
383
37429
20409
12946
43423
7945
2180
10051
34888
20793
20492
11424
39834
5069
16265
15947
46708
13087
32703
43585
6023
12429
9974
26559
31269
23258
15731
4165
34098
47441
46891
42523
21644
33009
29653
6207
10102
44505
26936
15451
47167
30886
46685
18564
39476
13516
25501
4172
23584
30161
29056
13037
11838
31885
180
48678
1872
38626
41151
25374
29610
2131
45587
25094
29303
20859
44322
17557
9915
13750
47126
39218
9733
1579
40650
12858
22892
25446
34298
6767
33596
17975
48559
39408
6995
28068
35136
28727
9180
25938
17560
20832
30392
9150
40783
5491
689
3477
14414
6780
27779
12734
24764
21339
48628
37564
14187
865
26262
14761
25568
48282
46159
44290
32579
24859
39174
24450
3284
21482
20828
35915
42935
45759
29785
13024
28144
42764
19410
26074
23936
3628
30868
9601
37657
45166
48062
34921
11079
11463
35020
8561
38346
26092
45069
33822
20238
48937
47726
44370
1418
29507
13940
36693
15980
31717
43150
24422
6459
5910
42904
31339
35950
31622
22644
30987
31798
41298
49354
14484
38769
8708
40891
21986
12082
1315
15111
16227
8485
43270
25559
32
30263
25564
22757
45598
39017
16278
25088
24199
44278
35552
23777
11825
19806
3988
30963
5563
23657
19407
40583
24018
46726
36459
16502
15568
45653
49808
47021
41381
26916
17470
26829
25870
28244
45502
35331
22305
39373
45016
33003
32319
41142
34398
26549
7908
579
29025
14795
48779
16835
34446
10534
10913
49303
35658
28306
2380
28729
10247
21903
7034
27954
19464
13121
19586
33825
30855
21448
49660
37645
38587
19800
30579
21735
48789
45765
46506
2650
48735
20699
28622
43622
34283
43822
24340
28948
30349
959
15743
6691
10733
20466
7165
17534
2723
45299
12702
31580
27669
28453
20783
43211
12875
10709
32840
23822
13664
45368
596
6640
22319
22035
9966
1966
41627
43060
5653
16174
14341
22329
18778
43058
31634
8566
26018
16960
1693
34791
41043
557
34500
796
15040
36464
18301
3887
2997
12059
3089
35557
15312
49469
31449
33019
582
36133
22124
27335
12942
12779
36221
29561
895
45235
663
20906
23080
36260
23634
8239
13159
29666
32120
26794
43035
45480
2165
2527
1666
47085
42726
47101
1626
2235
586
38392
26109
37858
45568
21819
20512
14871
19015
43340
22760
33202
19927
42837
28016
381
48539
26909
14436
46316
13216
32815
14507
22240
22878
19299
9456
33308
10336
9968
17384
35174
31777
19892
38373
48381
8382
18191
14884
12144
12936
19794
17514
469
14243
32973
35691
21987
27912
45980
301
33033
47664
37196
43174
35573
26233
18400
44293
10078
43084
7905
39653
48686
47045
16475
17708
41299
37865
27331
18222
27546
36665
3598
48734
8720
26942
9199
26112
38687
166
21433
8296
23911
17613
9285
31424
24799
30081
44686
43391
40336
47732
8330
1444
6616
4174
39282
27936
28389
5798
49388
40084
26588
30760
37893
22570
48712
48782
11972
40809
1497
12135
46515
33107
24927
27949
49172
22289
25231
25389
49569
41820
14606
21072
18816
19107
45376
41046
7805
25268
39798
39310
30270
39147
1567
4961
7161
214
5230
47916
15248
16611
11937
21406
37299
9251
5441
49412
15407
40331
37095
6253
47896
38937
21830
40344
27198
40160
639
18369
30060
27323
27806
21045
48412
15060
47080
48316
8594
10042
8107
12460
49176
41566
38342
44763
47775
37972
49347
28202
41921
40174
37386
35764
39151
1793
35951
16060
21322
10058
12534
18377
16707
33915
32618
2047
20829
39490
32130
17217
28906
14783
48665
33085
31082
29218
15114
10075
35293
11605
36457
49882
10711
18706
5234
2540
28115
33986
15502
16665
7741
46602
10174
10675
14432
39867
43353
4551
48926
29899
40769
14760
30034
13465
34382
19804
13571
36685
5251
11333
21312
27024
1225
34822
4864
33747
10519
3140
19591
22660
23914
42106
17715
43528
33717
7748
33061
43700
26658
8252
17008
26403
27283
5354
35713
47373
49465
40347
44653
48515
46746
19980
44201
17049
41174
16625
15562
24890
39938
9508
8342
30867
12146
35033
18601
38472
13949
29598
38222
19715
13978
22643
7668
30850
14285
5886
38012
14979
5721
15685
20444
25011
23674
4257
42257
4716
19847
32133
27707
19566
39200
7653
17518
42742
31363
24469
1238
30261
2039
18052
48188
7251
38003
41335
32983
4831
5016
49722
45035
20531
26836
27677
42696
9808
32563
49375
33375
3206
41007
41909
15010
2362
2366
6815
47737
26941
48925
27278
18793
41180
2951
15133
28168
49396
7771
28444
35777
37224
6029
30297
32554
33912
37374
34670
30568
13452
2176
4228
318
9804
49593
16169
18944
31414
21510
28187
15670
42832
24569
17874
28990
39352
21723
22179
8504
22394
32573
4663
16921
30007
17650
45814
693
12030
27259
11297
32544
22563
27624
1536
16859
35268
3281
29489
5231
43063
4280
5585
19173
42060
6738
12004
10586
27181
45850
16146
4912
9262
24843
31324
40714
42108
12385
6203
25120
2447
20668
9240
12469
26030
40146
27001
38082
28703
36468
16915
49251
498
8685
44064
34643
45890
22606
14332
149
23599
47672
43933
35008
39634
11948
21367
27382
41387
33673
730
46849
6926
38017
16359
40421
16424
8461
34760
35980
9322
7967
37251
9660
6365
11255
33612
22487
13194
24911
31303
47221
82
49217
5253
40228
8836
34053
40681
23709
10240
41105
46341
32461
45286
17839
43408
19313
838
42070
31197
22230
36915
16019
46639
5378
41373
29872
4690
10814
29740
44103
36807
3819
25646
2817
18323
40838
42051
23459
47217
26623
15528
31417
38874
46193
29330
21374
37660
42673
42269
49030
26212
41362
27590
24053
8715
48263
27397
30085
2537
16699
39693
12010
1332
31616
8787
9751
25457
32889
48862
24652
12625
12295
39402
11512
6027
8045
14428
40949
45684
31746
5486
24828
6974
8974
23341
5315
27089
36201
5523
3164
3594
19115
6600
29812
44353
45577
37090
37204
44838
3789
28949
30337
9044
49813
16861
17513
45320
31033
37190
46415
25735
14619
46551
6257
2901
45600
8350
22963
5213
19320
13704
27621
1753
39733
7361
19633
29587
47794
40831
7558
30106
23018
47971
18558
23102
52
13508
46261
37856
39469
49224
46192
47034
34874
14041
16182
1301
6866
20718
20372
34748
39270
7037
20855
33306
28487
2346
42
42528
43157
30874
1432
28950
8886
8184
40553
16337
16985
2591
10726
31584
26666
13382
41067
30116
47695
36732
17033
33313
5534
2514
49233
20048
42924
47639
14579
22411
5896
14906
23079
15631
8905
14995
18856
1066
17488
25983
32058
16394
19487
11573
893
14099
8244
11410
1968
14377
5501
48296
44908
39713
35508
37403
43727
46241
8357
41548
42881
33620
5316
43708
46523
13453
28634
43061
867
46822
43774
23975
16001
19988
47969
25485
19250
27165
32887
17116
33097
16336
25641
45873
48411
13769
38159
24545
47340
35032
8250
16382
353
2851
43986
454
17368
44753
44012
11483
13112
18987
16584
22456
41832
27794
22550
35505
23227
38395
13055
11651
3256
5373
38976
976
49881
15957
45769
49507
38736
6447
35728
31103
12995
8229
14437
33053
33149
47538
15383
28963
28060
9991
8794
23898
37869
6288
18649
27809
35211
47630
28348
12478
2284
7225
30870
15144
27296
40861
15327
48064
47243
8539
16183
40904
12078
46076
18226
18679
15061
37329
45074
6046
5913
17237
44895
13470
26491
12286
30975
16808
45715
28491
41450
18078
10687
538
34611
1896
5300
15635
11439
36001
1732
49809
48254
24252
28342
12153
49192
43260
39992
32981
48352
47190
39028
3219
13314
11496
3803
36218
23731
11609
18120
21874
26654
36447
24731
41480
46188
21913
21318
2255
16361
18966
37325
33532
12253
49363
7431
23850
45832
48751
22197
45634
6881
40121
45902
48295
18572
20172
39456
13075
45749
18177
7976
40894
11455
22258
11562
10243
25891
34719
42017
46793
43122
7220
28719
41470
12217
1100
30847
41348
17981
18799
45719
13648
42365
22120
17138
43568
5567
42228
3185
24807
40802
14165
44337
20204
44401
36432
29629
29419
31267
19206
2588
26095
13035
22061
10592
535
22552
41549
37871
16878
37098
39444
41601
48538
44914
28141
44608
27047
46432
9046
24212
45245
9807
10024
43607
13963
20546
9570
6621
34805
36784
20094
31506
27381
26335
18150
46682
25948
24621
23052
2642
13991
19061
4830
19177
40067
34751
32440
46773
41872
40928
2499
33793
39925
19085
25098
19967
2897
13624
6304
47689
887
48927
47377
3766
47413
17790
35782
49242
8398
15239
43228
40739
36870
780
28465
27231
12750
36839
16212
27525
49651
15140
1133
42270
37947
39685
26463
21957
44043
40653
17672
13348
16005
29674
37591
24083
22603
36497
41515
11302
46350
6541
2349
3130
18457
42043
24767
46771
31561
23958
29831
24405
9269
13678
11594
41813
4511
34396
16294
41916
37161
48380
20329
35050
10091
47717
14777
17605
2609
45880
48011
15226
48882
20625
32745
43812
39638
14055
36746
37803
27401
20553
7213
11049
5504
5590
32756
10996
37778
21494
41448
3653
45618
31971
15107
46738
43999
23935
24655
35144
27870
20046
18884
17774
33575
35112
32205
14555
39163
18566
7221
11510
30185
44666
22354
17811
37980
40667
37787
8759
13579
46214
34787
30730
43367
39199
4567
17721
4566
28504
44999
22275
8150
46213
3505
33395
36440
48169
42613
29360
30682
21636
28216
6534
6293
48120
27484
43553
49311
12388
10559
19467
37539
31621
49812
41999
48915
24455
32888
20226
49529
44013
10970
29834
16712
40337
32307
4583
22642
30277
47444
25024
20402
15627
34681
15745
19098
27539
47046
25921
11591
15715
29453
41319
35395
29382
9428
3916
11415
32383
39682
13805
39315
7023
26442
518
35520
21059
2498
26305
5153
12555
17487
9458
14282
6379
19641
48491
4514
25491
28796
22218
2156
13776
9317
47583
30238
14494
26276
32847
7794
21656
22602
26488
36799
21166
26757
36305
30513
11684
16632
37085
24126
38143
14279
43451
40251
47859
16345
20911
15927
16426
45414
12367
41235
7291
33555
42684
35037
9505
32069
20415
23770
312
26792
23317
43545
35519
8769
15963
1988
21563
33472
5279
26026
16225
15231
46577
12707
45181
23624
15755
11145
48287
44957
38685
8232
41912
3079
9998
38345
40419
16399
81
35376
21521
17052
1069
27543
38866
10186
5887
34082
40352
45629
835
30819
45279
24436
15476
6650
13359
15537
19795
7831
22799
20434
42559
36940
30352
45032
2664
43125
35009
7816
20986
18769
11498
16972
25556
24624
48931
11938
19903
20394
16214
13070
44599
26500
10228
17132
30374
19449
37687
8082
28637
40504
48004
2796
26639
4254
42876
35664
33810
6747
6118
32837
36110
4792
4426
28123
19511
597
3574
6702
33777
9877
47044
2653
29118
39743
8299
49825
43555
7031
13042
5078
24351
48130
3153
25068
23155
18998
2121
13421
17531
18075
38090
37477
22269
4157
21598
45395
23724
20696
29336
21133
6865
46941
36071
3106
40913
27570
18930
14928
26714
48328
37482
39421
40642
22526
15577
21536
2231
23660
42082
33976
36287
20916
2130
37118
21625
26534
9346
34168
8985
34810
19142
12007
14082
36364
10563
30654
8521
40564
44715
13057
41516
34345
11681
429
40554
17512
28093
11514
36624
37157
27065
17725
6706
45507
34563
3564
23710
37574
40343
16
48077
42488
38000
37833
10787
39736
4292
34535
23446
6572
19868
1707
35596
23378
39324
19680
40608
23127
30402
30413
1341
27747
43077
40244
32163
37809
49419
26060
12468
47408
39589
15279
20736
45926
14139
11988
11740
17855
20808
38750
47484
42614
39139
47866
38975
2656
6992
28424
40003
34856
11168
4331
29110
31641
42311
6206
36543
11989
17410
3634
18685
36774
32444
31207
34741
16620
4779
27655
31794
5776
12918
44262
47611
14590
27342
47356
38892
3738
2063
19747
4573
30812
47986
25978
27168
31733
36827
37495
18339
12121
48034
30041
42052
4301
48367
23593
9194
37726
105
47272
36371
7680
24329
48362
9773
35668
5137
36713
47851
3994
48005
43327
48671
3453
9713
30650
23768
32892
13477
38619
26296
17794
38492
42472
17142
12806
10542
40803
25352
9037
29115
36991
17454
14806
25647
36631
23122
30054
20144
19808
18284
35155
26984
2700
25613
43904
15824
48136
46797
45905
8946
13438
3068
5754
9869
32265
24753
378
4667
45125
18797
6853
47205
46591
1643
2748
4712
44397
9486
45960
19445
14098
13461
28486
29929
7485
23355
7549
37909
42089
15950
4261
11186
22109
45983
43926
28601
9255
11492
16311
40855
33437
19506
35972
48163
49645
27009
15908
26878
18826
45290
38285
34561
39568
17249
8832
35
23393
31388
18976
7162
30093
25160
48561
49819
6268
1839
10242
31482
30764
44751
41945
29973
28086
20159
12331
37454
19888
45998
38973
15412
5767
21518
13683
186
34301
35877
20205
29335
8368
29262
44503
35821
32894
42381
27740
47632
28774
25395
19473
21762
43146
27597
17788
17279
31320
47508
3552
47100
20271
13733
23527
24871
24355
34652
42608
31979
41428
29645
16134
10229
44357
16432
22947
31677
16017
36760
6685
13669
16894
24081
38863
10312
25635
19395
14483
26474
17617
21303
5575
23322
7039
31837
15541
5956
43538
862
21379
14734
36502
29802
36741
41908
43848
10916
49843
24171
27695
4503
2370
8655
9055
33581
39487
11954
22336
38645
22093
24201
17
43389
4973
9476
45278
32313
30170
35531
8226
45108
5819
33471
15145
18823
43030
16754
2919
20571
410
12193
29993
45893
46055
22971
37841
3080
43303
47570
16552
28308
40726
7189
2544
40507
37557
49673
33633
46499
36907
48038
49555
24808
6221
47226
14501
34792
27404
45237
32527
18315
35506
21008
10677
22718
45961
4756
40648
35254
49867
25340
45515
19229
22650
4886
23879
15996
10611
23168
16347
33715
5148
39078
4580
16203
48528
30503
23720
47964
33108
39636
39732
18151
18840
44532
39913
3067
33089
46500
46208
14196
1750
358
9003
633
33632
39181
7989
20752
41646
3252
30538
10479
4023
16413
40092
30190
26201
40673
3717
47387
11313
2383
32880
36769
6456
14388
24618
960
3295
19851
35090
20745
29838
1635
35346
12924
21121
35502
9769
6671
31236
33911
37640
7874
41672
48611
10057
11279
8684
21759
24100
3676
15699
22203
16071
11975
37348
5853
23034
42482
24202
28586
42910
30355
13198
1697
38901
2759
42949
9640
15232
3998
22957
25954
6819
20660
26589
24973
46078
8276
8407
25893
11871
7882
43106
46615
26921
9806
34417
41775
39001
28338
11491
24464
1310
1220
32863
23833
4734
3649
36378
23062
8939
39121
41031
22281
13203
28538
29951
13815
24456
45287
32420
8703
30233
30166
47502
40471
46027
49196
49389
25274
9398
24299
13608
15069
43397
14084
30829
18088
9216
29936
20206
6330
36666
35457
38223
32007
37864
12459
16110
49071
30345
10386
39817
38268
11285
5578
13004
8379
32601
10992
11042
16658
17830
46295
13222
12375
19376
35400
8363
13594
23240
32583
31143
24132
777
7770
11806
35148
22794
512
24681
26617
139
27387
13486
37053
40590
34545
26319
32101
3615
20510
43002
10828
44105
6149
11061
42715
32012
2679
49758
46334
18768
34424
24633
46947
30124
9618
49170
43507
45498
37168
42743
23519
30872
41554
27086
10926
30454
5376
12580
38394
5065
33804
2209
49890
45265
12818
33080
9718
10588
46039
4593
46691
30496
43558
18992
2936
10264
42756
47119
13404
17915
1847
15108
1616
373
9603
9522
16500
27355
40351
20386
25086
44281
21346
10127
29121
31732
24951
47112
18583
47309
4464
36722
34825
2717
48802
3277
20885
30001
30063
7838
39188
48920
29788
36598
16154
13662
19419
4294
35697
11625
14663
18449
34176
12770
1299
32212
19617
27051
4777
9196
41589
27486
26493
34930
21595
11648
17265
37810
27286
46669
11579
19218
34785
48969
35173
1210
6595
34764
6725
34578
49451
43817
45564
28718
7132
47118
1468
686
10137
19620
20142
34134
33679
14585
29848
36754
47132
20309
10736
4342
9431
34999
3115
37954
45057
33865
4197
38703
12753
14706
47059
14249
19114
41164
37247
46546
27868
49984
32045
15359
31148
25856
3447
12127
18677
19730
27285
18541
8394
31873
27512
27400
28849
6291
8806
38746
43720
27403
34915
20058
30079
13843
36505
23433
8507
32266
24391
29628
21692
14515
5226
11351
1867
6104
31755
29175
35215
1728
48317
24857
37278
36904
20266
25595
7936
9200
47267
23704
906
44192
22104
573
21589
20320
31617
27067
14002
13759
18853
38616
21113
27772
5541
35367
24712
28279
43807
6391
22490
14914
47700
9002
30059
34942
49345
47871
40431
43067
32286
45571
47699
23687
1892
23947
36942
10321
11541
42996
13612
42578
569
26647
49664
29890
26931
41014
36135
46718
3107
10941
6220
11260
44515
18808
14465
16228
32974
10722
14850
39923
21872
17468
1647
41854
35340
26415
31997
40644
29959
20196
35642
27328
20214
10663
43406
33765
45803
23999
23133
29111
30567
21356
24122
36361
8155
38597
15068
47210
9462
30607
17195
3221
49353
15303
2943
29496
22554
34308
30783
33457
41845
1386
48012
6514
2880
43113
15688
23025
44082
83
9215
7466
1161
46242
14976
11716
26576
17913
26315
32532
13819
3533
32018
20072
4140
17387
24367
38195
27042
26737
2516
32049
43946
9083
47229
43970
25629
42229
21888
20375
19298
46559
16942
1190
32129
26004
49481
12735
37712
25524
8425
9021
45050
33828
26053
32034
23112
2533
39406
37269
41418
25223
46942
9212
5138
29719
23832
27442
46627
36830
13354
2482
21668
26120
11028
26976
46090
42234
6962
46767
32422
21162
19534
12514
12342
23094
11232
36808
4609
25391
34418
37192
14712
12823
46492
42222
11758
8631
29925
44500
7341
18532
49372
8028
30660
2409
11762
41708
34311
31322
27422
12826
23257
1898
40422
28590
5948
14849
8327
26815
8121
29324
22345
21213
31880
26206
36168
27040
17737
12058
32114
35696
43550
1548
35232
34021
34211
47104
42011
5344
26667
14682
365
6796
12474
28737
22349
41399
43511
10845
41947
41992
40378
44113
25645
44809
44549
35569
44888
27518
21924
43044
20338
32846
23913
49811
24381
44253
31285
32295
10966
5102
26991
32250
35826
31874
426
4264
17561
43012
17507
30284
34192
6131
41106
1515
10417
44805
37455
10048
35205
10850
10682
21298
30649
39720
40409
36696
27184
14531
19175
48636
5637
24311
49493
31081
24666
9142
7717
16629
17536
16089
46914
37991
18481
36277
45503
49143
10907
48239
35029
21319
24573
43602
2428
20762
37048
15617
19270
44109
8377
41863
49454
21553
47393
44459
41219
41294
31780
39726
13671
46198
7125
4868
21601
37309
31539
10181
12296
29497
33516
22831
14256
30288
31609
39926
6213
13869
13535
17667
18533
27688
15693
32111
37181
46257
39057
2476
9247
16554
8529
32873
38990
34124
12636
2081
29483
16485
42998
4130
8632
17797
18005
11127
24735
11480
17341
6579
31629
11678
31787
6413
20599
7498
10529
30610
48659
36841
38118
17151
30080
3454
40871
15083
5960
29773
21787
19378
30828
8858
27510
6708
24222
12116
22953
11704
33295
22582
41420
49702
2531
42486
17577
6334
28757
2322
24463
33991
24322
36327
12172
10372
9407
10209
24969
4110
36926
34927
11926
26793
48058
42444
26489
9661
10683
30606
3603
40464
4330
15088
35649
34033
5550
14003
14715
47110
48883
1715
10813
45037
3259
3933
6991
40895
35421
38281
36834
45177
32132
33044
3414
35253
20654
35130
41545
31270
41301
36080
24642
17350
15418
27217
48257
38332
38064
31510
27507
26247
6327
13732
6582
16231
5933
12481
34309
45889
25793
26350
49781
6246
6
44306
34522
46174
36578
25137
35300
13040
2270
49346
44198
34468
2294
2421
40318
10216
14611
3267
48391
16637
10219
34012
9700
45840
32621
500
39334
2243
10635
20891
12252
41603
14010
27219
2463
10680
25441
32033
28958
26484
16990
34180
31088
14519
13208
10413
22285
11369
19051
14052
10940
28249
46999
20895
39656
29456
8943
1723
38306
47305
47417
6777
36638
21882
37587
11384
28616
8963
13878
8840
8775
20256
27413
33995
34096
37002
6301
34007
20111
38637
42603
49066
8040
15675
44324
37908
25385
39431
22438
30743
27873
47036
5382
26363
28261
18388
37611
2393
49499
7542
22006
1093
263
45506
40047
14779
41379
31628
40996
24744
33774
25470
17578
1917
39314
21492
38536
41925
35461
16954
13336
16192
47422
45973
41026
16807
20267
42204
26860
9911
21471
24270
24557
40305
14878
49097
24362
29607
28870
13204
4856
46115
4234
48702
45427
42548
35866
27698
7036
18953
3491
18720
19694
14356
31903
20203
19021
33388
48813
49402
30835
29904
31824
44206
22313
39847
41207
35800
35325
28493
48104
19550
47927
31416
31851
16920
2169
43104
30163
29703
6627
17126
9803
39532
37761
22773
35832
27252
48304
20120
46957
21833
29377
33989
2935
22084
38440
2406
36352
44232
25625
35223
44774
31096
32915
46736
47436
28975
5808
16470
49036
33885
23944
49384
37642
49656
30761
38284
17465
9123
1311
23510
2320
29781
19896
37811
12736
1575
1186
4488
37534
47245
27921
8317
22359
18350
14553
14713
22383
19572
19628
32233
16491
21659
38241
11120
20547
17192
35563
39011
48574
24275
46294
29425
23055
72
24691
30036
42640
13255
5366
33394
29535
9893
1776
35468
7890
30715
15922
6789
28893
10655
12836
7840
13260
2230
8044
38070
26802
848
2108
30572
14785
47808
22059
12754
21707
28633
7006
35921
14148
5937
25821
42493
48996
39644
39996
20294
46463
20171
16840
19431
24564
34443
44173
28158
38882
44148
22045
14232
43426
33623
34550
20364
31468
8423
44783
19822
12473
5984
8609
31385
27311
5792
43176
48690
31650
39579
29713
20731
3811
25664
12222
12353
12014
10447
26025
4452
16420
19034
49604
38236
20326
38527
37732
12611
2115
4520
32184
32710
36225
33184
285
9141
22229
18934
12638
36265
41829
9474
6035
13152
20772
37439
12830
17972
25897
6619
2948
30050
49842
8496
26763
36154
4598
6605
13519
1146
22797
15530
7430
27879
28211
39809
26766
137
18634
32597
11309
8582
44786
7510
41021
21265
46371
5330
5042
13950
24862
6539
22782
4005
23658
9539
37499
47079
10812
15535
26925
22776
17681
571
4931
14120
22919
40778
7851
48848
25721
15536
38617
34372
3797
19686
30112
16832
19508
18363
31969
33413
26016
12273
4054
14927
23555
40631
26036
30091
38164
35251
16490
32248
31808
39403
37047
37927
40618
26583
45183
45
33013
26062
27492
12548
49544
12853
17360
41776
11063
10555
36603
21193
15667
42035
35454
21108
18394
44314
34623
33554
4370
27034
16272
47431
42656
37693
49592
47492
44376
7767
22888
44909
33405
32167
26329
24946
41414
33415
19179
46758
49646
40445
35076
17640
25671
28832
2784
2123
8108
1270
9828
49719
24870
38279
43823
2896
36895
23331
30068
47232
35377
7463
6135
9374
20796
19524
22464
9910
36686
1486
13356
15365
7158
47248
44530
41665
38635
36847
32073
10849
47041
41390
14573
27995
41581
28760
32806
11408
19757
49953
44873
43494
38931
17503
3027
23298
3990
42131
8576
2402
24880
1851
35330
2098
37759
42474
24622
10012
326
37953
6504
17833
43082
9585
1027
46612
43468
3688
12333
24877
30539
27675
44864
33861
16207
49334
15638
3324
47913
35600
6317
4662
15778
3413
19084
5926
30655
25783
37664
40124
49310
13591
49385
22348
28478
16913
44722
21771
15981
7014
37690
5797
8729
10891
15775
4149
33087
16316
35305
40222
29943
7382
10875
1562
32874
45039
46191
25184
36051
16635
40731
1124
24493
367
45526
11544
41874
44332
2007
34270
42396
6380
44274
45018
19391
23326
19043
35290
30180
28502
21084
49612
41586
10817
22521
32172
7702
46264
25370
48694
47131
47640
47192
44039
10311
9475
22766
6017
28015
31003
48138
20964
31476
5784
7179
919
20067
42435
13378
8141
49659
22724
74
49179
35946
17123
2134
34493
27019
29075
27014
17043
45002
44758
45344
30302
10419
12428
48520
21641
12450
47945
45438
33881
44738
4980
9454
35409
16442
5993
12169
4984
14959
9368
13649
28645
8827
17375
15296
37031
23676
47231
3074
29677
15542
2477
3415
1621
42939
13607
42299
29315
40120
4465
29301
49163
22934
7489
29186
11398
14364
13096
21426
48605
28597
39593
5700
1791
30502
2041
48524
3043
22018
40853
3389
28083
49010
37295
11643
28085
25218
36104
20954
26313
26145
42833
25410
6976
34186
12435
26550
40707
39906
49691
49941
18440
18989
42092
10868
13892
45770
23092
11930
21917
10562
33234
13276
2148
13258
14122
37142
12097
2528
24059
31588
39193
1377
37881
18642
24224
41359
36752
35389
12041
34236
46434
38686
29960
46933
31625
39344
834
34296
42032
37170
43131
30383
31009
41269
26307
45426
40840
44465
47381
17418
20154
35143
21683
30983
31529
28089
30709
40110
16129
13589
37074
3833
7478
8331
13618
20009
42995
23282
32922
42361
46250
49923
26947
21082
40779
47178
16124
265
13488
10326
22661
8869
26768
39404
22635
49998
12360
26636
36338
14676
18329
16408
40514
2655
39857
20587
5950
19809
2982
10853
21456
20881
10323
41218
4947
6106
41995
9546
48465
32565
48907
23860
20655
4394
6090
1438
9230
34911
47924
9557
35807
37675
48991
44773
45019
40526
5290
42785
29417
45907
40026
41675
45853
35408
39052
8432
11210
29427
25695
12742
40911
43531
45223
48078
26972
16201
4934
36708
1999
9979
28156
25498
14622
15168
4210
35773
9796
44220
43299
22106
35083
22544
3222
11622
37317
30701
1008
43110
31849
24584
28725
43247
25187
33548
28283
24849
26419
34462
32230
8351
10082
47482
4407
25590
20016
45432
39590
41389
44233
49445
19450
30627
47972
49965
48326
36179
47601
12105
27719
22869
37064
44770
42353
49277
32126
40634
41416
18606
173
45861
16353
8745
33809
42849
48525
7332
32515
33592
29300
33696
25672
29818
18030
11267
5738
28613
34769
25320
6791
14209
17292
7412
26838
18194
44196
13224
41305
43690
12011
16539
39603
44482
47426
46946
7405
45109
10249
24376
7715
20760
33611
17157
2792
40745
5694
20698
23185
43609
12981
11528
31821
2636
4451
2321
4403
36253
6949
40737
17646
32075
37136
33951
25825
37364
9007
36852
49934
41745
49669
12230
43255
38836
6982
21705
7113
30396
13658
47782
36901
47182
49100
34619
28484
43244
616
37507
29623
1680
34731
5508
26310
10168
25802
16553
9049
26277
19045
25332
25582
21211
19887
24774
19213
1434
22017
27162
40591
1593
16163
6911
8897
8047
18096
28571
2188
46549
47542
29211
10746
22630
30372
29602
33992
20160
