12499
33335
10237
35204
10801
19332
13617
29551
39296
31190
43522
14302
15263
8404
41926
4028
21260
49421
24099
12408
16300
2352
25604
12341
33740
9499
2768
7187
11185
41093
22836
31054
22872
33383
11390
19622
44025
2890
37081
2208
2966
29413
32028
52
46633
8095
28587
41079
7110
44510
25332
18221
32573
16724
41317
1653
37312
24710
33107
26615
22190
15294
47450
49838
8426
45661
29042
19329
17454
20808
6159
40040
20031
37916
34901
40411
26343
29478
44896
17600
17562
8104
34403
21044
14485
25321
38219
1947
9522
5464
12207
19105
17394
1812
11611
28161
27654
5883
6071
29778
