10499
40736
17629
24919
21268
22014
38176
2911
10016
5232
27384
17304
26097
42617
10005
9163
17328
49762
26884
35275
23328
29380
34624
3058
2298
21609
45659
13172
23244
6038
14308
20870
24750
3427
40335
43852
33353
40872
28589
12988
27353
15212
2982
27969
11031
27207
9583
12254
47253
42463
5254
14964
39891
22795
14753
33551
3312
36199
2951
20886
33169
47617
33707
44808
43093
18951
39443
33671
28864
7215
25962
36060
22995
27497
49223
39572
15282
25290
32052
12927
34376
36096
36945
15247
32987
38461
28867
28968
25832
23387
41614
21665
30585
18898
28987
23294
11452
42805
15887
6707
12239
32919
38707
2356
3522
49294
49622
39023
3214
32017
11853
11053
43019
7158
3709
21828
49812
22247
6750
26200
4268
7609
28889
393
35872
12404
39200
8164
8367
48921
12977
34388
35111
11055
27508
41591
29731
7491
28401
1979
45532
40343
24291
15603
18432
49477
10771
15313
43193
6530
48797
4684
48499
28453
15981
17962
23211
27297
40130
45724
41245
41183
47771
46367
36272
6649
11948
8204
29106
19001
13932
11021
9638
12127
19782
38320
8716
25289
1150
22230
30555
29125
1105
47649
43189
21526
3204
2785
22218
13716
33665
34944
35758
5387
31653
32591
3588
34780
15783
24009
41923
31081
35040
42943
35317
24369
24988
41348
21038
9954
38098
47474
23672
11044
45357
16023
19310
28743
34446
10332
29209
30865
24747
2555
16580
33224
7476
32758
37542
16049
2641
18853
25158
24016
6995
20217
41314
30184
25023
45936
4125
5418
41539
16353
20851
30975
41347
11156
25156
588
22532
35314
18360
37369
17065
43341
42648
24645
14769
5978
15593
29124
9867
1764
48592
15707
13110
41049
15727
10100
6694
15551
8890
47603
27852
40242
45976
9512
8588
5694
6587
46210
42396
25983
37567
31448
45764
13687
9805
34477
48865
31225
46551
23944
12569
28078
25651
2752
16822
22787
16588
39681
36980
36172
24018
37915
8057
8075
37557
47921
26425
6988
30942
42429
38552
4738
19990
39053
11372
33530
12386
41011
14614
32590
1276
3182
5139
28502
29472
9060
18649
42501
48919
28654
25404
13296
42939
40099
16576
34851
23361
35009
35363
12750
41980
30210
26244
13751
40020
42712
11609
23696
43288
26204
45383
9906
9701
49406
28193
8554
6447
9097
10599
44664
49773
47886
347
6860
11715
19994
48310
34356
26727
28413
23494
27114
37228
41116
14650
45670
10034
13953
27072
30103
25193
11242
21603
42747
46970
8410
42835
572
5536
16189
40289
4633
43667
41801
5902
16956
21451
39710
1013
48027
30533
25484
26673
27504
26274
29427
18742
33018
25993
14143
43704
26779
48073
34556
17695
24509
33029
45313
37524
35606
36938
35123
37636
15309
34285
44884
20828
38372
48895
34250
28344
32284
17241
2995
48430
46004
31377
42026
37733
28728
48970
12573
9106
33363
41778
11890
9063
37021
36507
12782
38351
42871
24205
22630
22776
42506
45181
36979
47377
19425
18440
44627
918
26744
39582
29442
8846
18817
17045
17136
2832
26757
33444
45834
34919
29460
23666
25394
15550
10177
48562
27891
43365
41448
12711
11717
47558
15106
4564
47535
3014
667
4874
6553
38687
49209
18553
30213
4242
559
11665
12412
28308
41910
37753
20251
1188
48776
1614
33052
14045
7336
9365
42686
49174
44142
32790
47642
19158
37520
24607
43396
18358
22474
21738
39771
9567
30699
12126
351
10424
39175
12997
32618
19808
48371
33577
19769
48176
18651
12592
743
9046
20028
4076
16650
1241
11798
6843
49621
24789
8179
4719
23131
17915
44518
22528
27810
13357
3992
17449
34673
21747
41343
47542
39753
40005
9414
6371
48038
35140
44722
36503
20252
34915
14398
44019
32016
46458
48020
36962
40809
15846
10329
48320
41099
2436
46554
18021
766
42913
5747
29606
24626
29743
36260
17901
28074
28066
1259
31437
45600
4808
4143
30218
21976
26014
23556
18103
5933
5621
32943
35663
49354
39094
2654
46022
18718
40402
17930
31419
1359
38217
33140
48378
6964
36031
49213
12978
22344
28915
37674
23460
33168
21860
36379
22016
16992
43459
665
13029
11664
16141
38923
5282
16823
18063
22586
17679
7448
37987
22385
13420
31922
49422
5599
35736
32075
11721
10125
18311
30797
38757
45872
42092
48061
22873
18870
3685
14409
21497
27945
18459
9310
29135
5861
24408
36992
2562
24720
7797
30393
10050
7166
11867
15350
22263
27668
3956
43400
14231
18112
29123
10491
46071
45375
1740
38360
6254
27563
42230
7905
7247
185
16997
42487
29088
13601
23661
4470
27278
2665
44190
3479
31388
41421
24347
21608
40797
16617
20660
15446
48505
25308
22515
24043
33406
31071
18707
12253
21465
18822
7770
38675
25506
22738
8168
4736
1859
40795
15597
18610
5796
32704
4958
42822
37093
23299
40236
20949
32345
30357
49804
42840
27847
18517
26378
45143
42151
18771
5029
19703
38025
30835
13173
48754
41052
6164
18867
41922
48193
14347
21541
18641
45271
19502
30180
45742
32731
30750
5328
23793
47248
24574
28512
41632
25991
6107
24353
18854
30711
15756
46459
22829
47138
41847
43357
41328
31328
41858
24386
28596
36510
18476
24906
16768
48800
283
26696
23561
45757
43909
40472
2425
12344
13308
11534
46275
25039
29696
8634
25636
25538
34486
43504
21668
24356
32511
17217
30163
23798
34262
16355
4126
35018
8783
15951
2967
43499
43434
37405
10754
20517
46904
41814
11173
40560
13677
41976
49212
14977
36369
35810
49868
15467
16053
49600
20738
14834
17781
25046
25578
4992
47591
21056
35173
35941
48631
46221
33513
21470
15358
35672
33272
1501
1153
43449
19763
16013
31784
14018
27850
34540
5905
47985
49768
42854
25556
12340
474
19640
31719
41434
11225
19020
4319
33314
1474
4806
44457
24541
43636
44443
16239
27123
39923
17002
15132
23740
46344
42365
32422
1691
49320
45210
5410
14758
9035
35447
17051
33827
1835
42355
31318
24701
5385
40128
9635
18259
10170
4011
1285
10361
38683
17184
7771
20546
4040
42
15513
4293
48096
39430
11064
46568
18244
38689
43487
40777
44405
3633
11359
15042
47910
973
35926
12652
33055
42923
7981
29161
49484
42646
31528
37536
30743
48975
36409
44535
9218
32078
9871
37828
29607
17068
10910
36812
10376
45709
44340
3306
25654
43553
27280
5005
19049
3392
7706
22428
17300
43389
37526
97
19792
7934
35652
