37329
6335
47406
29749
32610
25115
473
12416
41110
19755
22022
40086
19984
22913
1700
5351
38479
12147
12756
11737
30502
10487
24461
19377
44989
45149
32908
49376
14842
9077
17488
30223
43346
22380
43330
30441
43969
14165
9564
49850
20479
1044
1960
22315
39670
42709
7497
27455
4194
31249
3512
17447
34091
47339
30417
3292
47860
33171
43816
40795
11492
16439
30169
28233
37839
32955
21314
10463
48056
30181
47812
8679
22693
21236
24110
33632
22455
12675
27988
41480
21189
19878
1770
14546
42926
24209
33557
6079
19978
32405
49290
9643
26776
34244
33748
12237
28528
42630
43688
15308
4709
2983
17172
36155
33759
10753
1001
22122
4800
3935
14086
46792
7737
9612
40359
48153
42580
45181
43027
41202
39724
41936
23598
29078
13600
48035
25514
18182
37130
34934
41046
18888
48418
28815
21116
31921
46007
45353
22273
2109
38906
8884
12961
43034
38653
22938
9834
47558
6821
41422
12776
14190
27016
42642
31934
25403
46974
22232
39491
26312
36757
41677
1204
16466
39984
2408
23814
22981
30460
21214
13473
24036
13541
47105
38622
28984
29736
40730
2059
43176
42889
42261
49572
9004
16508
28882
6398
17196
43680
1150
26466
7661
16953
9583
21350
45814
41086
26305
741
21733
12618
34701
33725
5617
33283
38552
6984
23647
11792
4213
27760
33281
36402
27261
25890
15636
38088
47784
36713
33641
21069
43473
2931
36606
8975
38703
1154
49406
4142
35244
15437
28598
2799
9037
45020
46622
8405
34631
6167
4851
13912
21014
4482
30470
27481
47351
40130
1429
26019
21971
1516
22103
21414
2973
18312
33698
12365
37148
44206
47671
36394
20692
2956
6809
37923
38178
43811
9487
3643
21810
10421
6143
40151
1990
39349
4965
32766
4257
10199
12817
2772
24633
44777
12701
41040
10244
49262
23936
13028
12580
13570
31667
28407
26427
12554
3859
8492
37881
13506
18087
21039
42046
48463
29916
29589
6124
31429
21500
11752
49963
34214
10764
6872
4675
16735
11730
5537
41066
10022
6964
30433
30984
27105
4397
34386
49352
6999
29702
40218
49371
18599
45067
17399
16481
44330
37604
9422
10673
977
16707
24791
23393
36490
17486
41170
9178
16341
7236
25384
9794
46597
39086
29371
30772
3793
42925
26580
29908
11076
25395
42954
41014
23049
15201
26657
43124
25034
39874
38893
26869
24309
33561
45096
238
48552
12309
3908
25145
49333
12872
40183
52
3981
14184
33768
44044
12152
23623
48366
37562
36480
17834
16301
4210
24682
27352
24858
35131
49775
47980
40909
12821
12348
36313
32311
32260
14943
9392
35175
9629
38505
32378
33546
3081
24982
10583
47998
47141
15102
16742
34951
39485
3923
49225
30316
17750
36140
28202
45266
8971
203
40982
12128
26176
14732
25892
2052
43872
34757
3116
47173
16459
35106
47779
13015
30650
23209
24318
48675
47930
43094
37112
37924
16655
41512
33602
15392
23047
47056
43120
20562
28985
26458
20503
15920
15674
1274
28123
13613
16292
18998
17023
7633
35199
45247
43577
42903
17737
12907
43226
37750
14810
10989
28414
24396
30961
13725
22608
6895
26558
31257
16487
44925
30681
18790
19480
41415
41699
18247
48715
