32196
11671
45788
31589
8121
25224
37311
8687
13862
9
2616
43072
9859
13214
21886
15334
46104
48813
39998
13897
47461
25639
48981
34611
31182
14076
43385
14375
30588
424
15673
20625
20454
41833
33778
19723
25707
47531
4728
38568
17747
20838
9380
27797
7048
41610
39053
33110
1037
7161
26047
38964
38285
11785
2919
46281
33490
31432
45915
31719
1276
15846
9637
15510
21094
8929
36239
12093
33235
35420
23389
37818
16168
14610
17940
25834
18880
9668
40645
11208
12059
37965
12365
49918
26961
14839
2470
23851
42006
1543
32064
33628
17268
46710
10885
17989
29890
20493
41017
34882
1666
16200
40805
17002
25580
22487
864
10460
626
9121
33975
23257
740
37393
14797
1776
48802
30977
39529
44370
36036
44512
43368
19171
35976
36188
23158
4780
43405
5736
10267
4683
20731
27917
43101
36526
44867
42901
18165
3472
36454
17824
45748
13915
8637
30802
32046
40758
8863
34262
9699
1140
40041
7640
46036
16036
27284
8992
6936
45488
6766
35915
13690
18654
10373
10699
17422
24925
46475
37977
35222
49542
36336
41605
40403
5864
19916
46945
41014
5028
15927
32652
21849
21136
46562
39378
31459
7754
27624
12909
35982
27077
23049
9946
36513
49270
5097
45141
10362
1801
24797
24527
13388
47129
46229
13717
43664
45217
34132
42803
8434
8395
39229
535
37038
15442
7422
9289
984
19400
48039
10489
44303
23591
16180
5972
42281
38654
16332
11299
45237
26495
29173
39543
42568
5149
18307
60
32406
17400
16552
37925
47183
5929
43227
24867
15857
16022
32284
21331
8836
48500
38128
35979
8345
5698
2897
2163
48969
37662
20269
44937
26378
9574
36967
15942
32495
33274
48193
35165
43379
25220
29802
27106
43503
38764
12356
21605
24705
32654
20014
38958
16483
47584
9418
24491
14151
14294
47920
45367
31116
37204
26026
4866
19298
32321
3927
21644
43720
41454
39511
5954
39509
11253
21204
4873
27182
41245
43207
38219
24077
33619
32546
45480
8926
43496
42256
20034
37004
40365
26360
28319
33698
922
22978
13806
14686
29839
44538
1386
2194
46722
4026
13162
2871
8889
4008
12865
44296
43856
39486
13358
37471
33358
28697
11570
18340
21559
46
23408
37195
34298
35016
29758
49826
34657
4527
20440
18327
18685
8875
9459
34511
34188
17109
47610
47938
44511
21434
42889
13651
30243
45654
5702
44111
47174
14516
23937
33080
40555
48704
49373
19588
14118
20672
20933
9101
37437
17941
30319
32656
10131
29240
11999
7552
27228
32000
43696
33030
39959
32938
29396
33688
7438
18121
25041
12375
41542
33909
47873
17958
19184
49615
46858
21353
3942
42600
34115
31781
23879
5793
20687
23588
18671
14842
18692
22595
4296
35764
19907
15465
7554
16480
3974
23880
26886
7083
44502
16679
2487
14931
38974
30410
46769
42359
34718
10027
2127
48921
41933
3222
25063
3544
8372
24667
28273
43649
43078
34534
15847
30459
7759
8309
27650
28984
20142
10398
29365
41709
2750
9844
31616
12696
9448
23301
43141
18377
13600
36543
48372
33449
17745
49913
38428
21128
49946
24426
4877
19028
32594
23012
35377
8948
43880
46910
48970
7164
40532
21580
16702
7321
37822
41630
20566
46073
16993
7976
21983
47651
38871
19692
31400
13383
18136
27055
32839
14334
47780
22043
15804
41451
14495
8550
13866
11588
8938
6242
30135
18592
18660
2940
26155
31659
40836
24862
28227
45044
13668
42921
37432
17195
1300
5120
23669
47940
33700
22429
13838
47381
6200
30972
5154
38048
45287
21352
7979
37012
28709
25792
28907
48229
15446
27260
45709
25823
12026
13164
383
40593
48751
11628
44316
21521
47740
36305
22098
33298
49847
48259
38862
3695
4163
20934
31481
4450
4774
33660
13438
37371
1598
42023
25109
2036
36150
38020
2486
29455
40396
21919
32412
21735
20725
43
2394
903
41143
48527
25578
25121
12616
9263
47008
38864
22410
31068
11520
33120
49571
41814
14389
27166
22848
47002
29560
43217
18458
2052
35129
22781
33060
6805
44742
17274
11644
14770
16894
41378
20508
27586
27322
9253
11227
3939
7070
564
28295
36139
11336
38342
42361
25043
25390
33751
9109
29952
23697
834
25676
3629
36356
15753
14081
18459
39071
33964
35167
48735
26760
29496
33943
21934
49911
13937
38029
16341
3395
45444
11045
39758
2484
20394
47042
2096
8707
5244
27447
17616
3810
24291
9996
40044
33014
44516
578
28011
46747
49064
20655
23077
42041
25780
34199
13337
361
45607
25593
49185
37005
42796
40177
6808
30082
14988
30756
34293
42707
7780
20755
25101
47246
12154
28112
30056
13790
17694
20374
14030
30185
19095
29567
33882
20715
25633
23258
39742
33858
2622
48469
10805
17030
15152
20056
35405
7992
45885
22782
17647
32258
35199
6114
48127
31630
18149
4515
3489
30595
25558
26885
5521
32437
40579
42776
35694
46411
30670
27355
8277
43083
7397
38721
37127
3429
25538
5203
21538
35504
14680
41266
46511
34000
10050
36644
26032
21164
45076
12458
3180
26825
517
42255
30950
48459
4318
25291
33107
11279
38658
25752
32998
47544
7169
2704
44328
22414
49092
20638
43629
9926
8594
14627
32430
40822
38035
7601
28358
32145
28066
11594
7160
30819
11768
23053
42808
5134
44968
36427
21941
9122
36147
9867
38547
2731
42564
34834
5649
24399
4644
39101
27007
333
23142
9279
16808
7626
34002
43312
40814
6425
25061
4079
39843
37525
35180
40211
32189
46691
47672
34910
42988
40568
874
22868
1190
2530
29885
29853
24860
34677
12956
42563
1943
10081
12971
38710
15855
10200
6565
37906
24041
14268
42973
8998
41251
24457
6026
46022
28345
18143
32489
49992
26403
43946
4050
24344
36099
7233
16125
8050
44693
7516
17409
1866
39444
19182
35089
37470
44040
27696
24994
18072
128
23177
40763
27807
48034
8612
9261
39442
16997
16330
38707
9587
21627
28933
3565
28302
12809
15246
12836
40314
36867
44027
5014
28771
4265
9952
12367
11646
19938
8731
6188
39980
43647
32166
27124
35011
5238
7021
18224
33541
27594
13173
34327
49307
20780
5780
41738
19749
46828
10816
47733
2418
18993
11402
21435
48882
41299
13447
39716
7386
40854
47030
32394
21235
46638
19319
46432
1392
34178
45838
4164
49300
38071
3983
15755
26194
29234
13344
8498
38972
164
5898
657
24206
20436
36352
32748
49722
2340
40258
25075
19371
15237
23092
29984
25651
5712
16976
24365
20510
40673
49377
13734
40897
4491
44279
17583
21015
17608
49002
22080
46052
14377
26948
22356
2083
4124
33971
16967
3061
9860
33334
28483
41181
37334
10837
34424
32496
7166
32331
48270
17724
17775
18455
19070
43411
7889
499
31727
35286
29807
13640
9005
48275
48831
36527
24571
21414
17913
13889
22763
46602
38233
34084
27962
5629
19093
10520
410
1879
18800
29726
26229
9934
25259
2229
21679
27024
28097
20677
24240
4891
35507
30161
24315
22494
7924
37315
25213
48886
41284
13117
13078
8831
5093
37319
31337
23654
40892
20023
36536
16098
20341
5432
30163
22846
38526
18814
5581
5638
18250
10644
27541
31575
49004
25059
46738
18860
43476
10033
16937
27762
1086
28932
45903
31925
10354
37340
36491
40128
10502
46756
27142
37606
11820
32157
1602
18659
42228
49204
15475
26528
42438
34586
27523
45256
29800
32980
7350
41256
46492
17744
4724
5782
22551
5098
4388
9104
170
20727
12339
16875
611
41669
35706
27303
38892
12307
15593
3014
38377
40885
36257
15314
34333
2602
36026
43036
22975
4763
27608
41962
15080
37790
30505
44350
15452
31953
11102
45688
49591
8018
30209
8116
48536
23295
21743
44881
47881
35921
3442
45348
35452
9696
2832
24892
24122
9828
19406
44487
30470
7703
17440
25726
17120
11614
6818
31462
32413
12520
33416
13538
42205
44311
36067
12695
12179
11260
35293
41843
7792
28131
1909
40490
17609
35987
17311
15
43924
7949
3166
18140
17522
43759
29160
20757
41993
44579
12598
23855
31240
9766
12752
24388
6249
25089
44034
34846
4757
17762
41293
11619
26502
5896
27107
24584
30323
6424
49768
34791
8134
3310
9120
34893
5273
10614
32361
30943
48367
26771
37487
2926
19715
3588
4613
49603
31789
1852
5949
15559
13823
42452
18787
30402
24939
9105
2962
47676
41091
1029
31862
8271
48602
16128
34584
2384
14969
6881
19775
15713
1273
24616
13247
27263
43244
13076
17950
32494
40034
4550
45435
19856
39207
18395
44754
27485
14325
11806
24784
24371
18626
266
35426
43097
44268
35419
17062
45252
8415
2566
27999
49631
4464
25367
47983
24472
17477
29791
33452
48290
35294
33620
5443
1963
5016
35240
39778
18641
25304
39751
22468
17372
36941
32028
36419
10160
3323
13033
6843
4378
12667
3917
40064
47436
38890
4779
45875
49537
5767
8414
30426
15538
25998
28783
35708
49163
37142
30976
22561
23414
45235
23497
47816
39120
36972
19820
19673
15675
22911
3732
46155
27973
46195
10618
7214
19323
19539
13528
33787
3029
31034
4207
13698
13627
47428
37345
7770
48356
15279
48771
19346
31603
14658
41810
32925
39706
43779
21109
1135
13536
5322
39138
12377
11204
3305
6229
28285
33796
42945
20666
11091
25211
15731
41523
16756
32294
21752
22705
12178
16624
34727
48515
44805
20914
2862
11017
35258
34860
49988
4795
31845
46629
3421
6947
37672
7277
32424
21536
40755
10893
40317
6898
46347
46028
20391
13169
20990
28425
36121
49294
47045
1597
29975
6215
34942
37840
35863
8850
37943
19975
43954
28971
11925
29153
30351
47593
14897
39954
7019
47338
22042
45949
21451
25049
3542
31698
29671
26457
19119
2527
33384
17150
30058
37707
46404
34754
3630
23237
38317
17343
44796
6836
24572
33233
36609
8259
5650
13276
16810
38391
47619
21300
34556
15354
47420
35546
33821
23875
29148
33263
18335
19176
6702
25614
18763
43305
34025
43697
27963
10905
45137
30560
28061
41917
6105
5440
32156
49494
13481
23138
4365
47788
12765
47634
41592
21668
13985
16010
45534
41898
22491
20886
3017
32476
43508
7591
29322
29607
3602
27428
4006
7341
21526
47223
46430
12858
29032
12070
48019
19418
6566
11533
42683
22225
2343
12498
47573
46589
28978
26728
44709
41560
26673
27953
11298
34278
48197
26811
3136
16404
7718
1651
48439
34614
40519
27768
41712
28269
9348
1553
48794
45400
7793
30101
49160
18061
12160
43219
2841
16207
21957
339
22565
26853
31414
24079
15939
48775
37133
38898
31741
20931
1122
4480
33536
14303
6066
25550
24410
17456
41842
7823
44450
40930
36627
47719
36811
26533
36399
17996
21787
41461
26757
40324
24059
36209
39856
25117
20478
19341
30126
28512
45561
11582
25235
21357
34275
49189
45390
5842
37119
13493
33238
6498
19173
43576
14881
35448
7747
35750
47982
32597
9709
16685
32018
32216
44722
30990
30106
42987
49628
27251
11949
1835
34018
45664
42169
43721
23277
31503
28667
25969
47498
40081
19867
34201
32860
41336
44787
38032
3627
2895
47748
8770
12745
36493
49182
6058
24120
844
26935
9058
43327
37235
45676
9376
35858
34793
42478
40516
307
29378
39675
32723
33671
34417
12424
28154
22110
6221
14142
43422
6811
23189
41790
36377
14501
33234
38167
13189
8772
3103
3985
17013
10941
21372
49940
40874
28374
3848
27336
21786
44260
47548
10958
26199
48440
35386
47327
47402
22727
36856
16924
3205
644
30143
26439
47738
44820
39296
30891
21296
33310
39681
15597
25297
18484
2246
22994
27536
11418
36170
22362
45797
10304
11833
24252
467
597
21793
30499
28628
4345
37620
27193
3211
41166
36167
23137
43458
20627
6952
13748
4792
27535
6074
43415
10236
19008
24321
42442
22753
47967
26780
16895
48692
43575
10484
16514
34558
6969
1000
31748
39124
44454
42812
14406
8459
20571
28434
26110
9266
8117
23906
10658
511
47454
20388
48295
48662
13432
35159
45743
19417
5138
40095
4957
43413
18213
13732
19878
34969
22122
2716
5033
26256
2939
33970
27174
27968
45125
39641
41885
19463
30888
30015
25523
36269
7393
20737
40996
30446
1658
8429
9099
23526
11639
27229
2504
39123
40707
28237
21903
29155
39800
37296
40411
37050
37187
39135
17610
21255
6368
44005
31152
47716
36022
23334
3712
46259
1570
32456
15294
4544
42455
25425
36635
22245
12440
3062
13235
44448
42026
29465
35537
27563
20588
42417
37059
42870
40130
28668
31660
16409
13419
5416
47323
4291
32273
11763
46860
3148
16261
49534
7091
8778
14557
36395
14717
38449
25461
4553
2111
38469
18913
24645
47382
32523
20501
6583
6767
37328
44654
36538
39644
46490
5671
21944
9846
27444
3569
30405
42482
34707
32141
32718
42303
43937
28561
8548
21873
29505
35119
25515
48158
42984
28754
38373
11523
20935
42935
4110
34963
5970
15746
32720
35051
4647
1383
32818
23116
29084
13532
29512
802
14976
25090
6253
30630
25855
26632
9941
25525
26566
25476
4519
20744
384
25310
4278
28975
46826
2350
30861
3229
625
7187
20010
39512
12374
9700
31994
34028
32975
9657
10445
9126
8986
12882
21098
20182
26668
26521
4174
8282
17994
423
22629
40261
29655
12495
24130
3356
30870
47297
34678
20781
30215
32935
43638
34466
43573
38467
9464
10674
18759
24649
5868
38887
24013
9813
43863
27687
20193
4832
21916
31404
18630
25731
6158
43018
1360
29415
46886
38452
33527
39515
46777
2501
2783
29251
13159
32290
49384
33078
9228
24970
23812
37415
31015
33995
4033
44773
21416
41787
4081
18107
379
37485
24125
585
708
28693
42391
20578
49207
48854
14321
34079
2511
2953
18537
33923
18095
27154
26748
27420
43887
37045
1518
3231
319
47463
17711
32031
40257
30284
38843
37724
9230
15897
4726
23036
24799
27881
26449
26503
35357
35849
651
36766
8068
41724
1821
43724
24837
39406
19730
14601
15034
20112
19493
48096
49805
121
5279
8129
27432
14795
38287
49527
6211
36254
14435
44886
41288
3663
22444
14480
18366
1251
45341
46146
43774
22636
6930
29422
36555
1074
44895
23696
37782
11396
30039
37137
41496
44771
18444
3523
14855
12462
2928
14535
31265
27604
1770
15561
35131
29526
11496
46045
48330
23423
1334
16260
16369
16562
28598
10697
26876
24442
45186
5404
26321
39395
24462
37721
40089
4974
23400
5526
35699
24842
29960
28376
19844
2973
20750
23371
29787
43617
7057
4202
27556
40633
34722
10949
26320
40292
38917
47141
6740
13888
41955
36256
47896
30109
8898
16517
44170
13246
19967
26945
19120
15371
43889
39639
36085
5183
33746
42071
16278
37495
23459
40110
25909
42030
10760
30662
29828
48038
4266
35468
31334
1265
347
6661
1956
13420
30150
18774
41903
47538
1227
3509
40881
34828
35424
33230
42291
31581
9431
45861
34024
30228
11228
19187
24105
23243
27290
39894
21985
20192
16509
16030
6236
39920
20442
7864
1169
46126
30527
25612
5297
28363
27014
39553
29676
9602
20500
25115
20172
1761
16456
49327
18226
1960
49569
25108
8443
11006
38962
30032
26959
6088
3758
9612
38714
22014
44496
7185
33276
22207
42710
12254
9218
32254
23689
43787
48005
37381
40500
23016
41396
25319
35042
12857
5223
35825
13293
20429
27940
41101
5215
7631
23530
8752
14163
33405
13224
34192
24310
23843
539
6111
5816
38899
32646
45379
41001
37434
45026
1829
40457
16990
35830
11725
2440
19680
36553
2021
20518
22759
33415
2206
19088
11844
18599
5350
29764
27453
34636
45899
29876
39195
21267
38983
38741
40910
2341
26789
10000
38990
29779
36888
3206
45582
14589
7195
40636
41374
36955
40860
38298
13166
17889
14675
888
20791
14464
34521
3733
49853
34581
38425
12222
49166
18918
34548
46973
19769
39595
5909
2932
25992
11410
33428
34355
44222
48419
37253
22832
9874
32113
33906
45897
12276
43875
10650
2249
19889
10458
36764
47980
38101
22390
38105
30665
45407
15172
24807
7763
5995
2979
10738
13559
29938
1473
3502
4847
29118
17448
8152
34694
10314
36833
48519
35312
44212
39885
7461
17048
15091
47532
3250
21945
48678
16714
39394
34883
37633
40391
24229
4667
33531
17041
10119
49964
27465
33361
28704
31601
29244
7570
22741
4322
10476
13141
194
6440
22680
49283
7855
34955
4456
1282
20530
17281
9424
25171
2242
42517
7202
37562
30510
18105
18683
31857
48843
2882
35491
43773
31692
36473
14408
41480
27497
29819
23882
32565
18027
48700
36545
18292
43330
35173
7144
39709
47658
22700
33814
6108
17766
20095
35723
21600
18639
46133
19636
43559
39309
39847
12859
3578
34961
17905
15825
47578
29454
20632
22369
31120
19699
33131
17427
46527
15547
31833
2325
37624
10010
25467
29803
27084
42216
15075
36144
37615
39701
24236
18485
22449
13654
10128
19192
39439
35619
21228
16070
9377
42977
33543
14771
46681
39944
2429
33111
2772
32999
32728
5368
32627
43588
34989
30303
40313
13142
38529
43783
36908
3135
46183
2740
2635
5991
28806
5021
31467
25771
41144
25677
43777
34767
31372
40410
15794
23182
34972
6848
44713
11211
34113
39606
46988
15431
41292
24991
37537
20313
10204
22710
25136
39284
1331
48634
36368
21698
18924
27782
35602
35370
16394
42389
47043
36904
20290
26279
36683
24197
49950
29117
4216
41587
15815
49649
14982
22085
44254
16469
31364
12884
36976
3190
13064
21948
23387
29908
36559
22574
12105
25433
11036
19939
11613
10899
4702
44329
34061
43298
24668
27467
15742
26949
27272
6378
35299
13904
47746
6672
17345
3403
26996
36500
19579
48132
34461
47215
28321
20704
16089
18740
29851
296
16051
8626
38802
49067
448
19864
42722
2168
2539
14285
21152
39338
19007
10015
9573
22500
38280
1365
29412
15740
37607
30612
20779
44071
33161
33764
36725
48458
5032
15898
10447
10278
37604
47041
33667
2933
7739
3022
46194
20065
23703
46609
36657
21693
9112
13764
44255
47414
25590
24604
38433
12493
10823
4583
26014
44045
32481
28332
17936
12285
26998
49241
36749
12319
27254
16159
27547
27548
8743
3214
20438
43446
48979
21996
43153
19988
48084
45376
25700
24232
41911
33976
41548
32449
8935
22339
2734
12184
40438
46768
31210
34663
40377
43504
22807
20902
32800
30513
10773
42794
36617
26096
36367
30525
34345
19262
22311
48627
6070
13847
28056
39286
36401
10475
1363
25845
9484
13810
31383
15228
24600
33685
11896
4149
8631
27310
35866
7363
33542
3898
2433
28835
22505
16490
4921
11113
40011
6501
39770
41714
27634
26243
39264
6834
44283
5814
32753
7776
45078
39160
10756
44898
11908
1077
11051
9281
24521
38474
9204
29955
24119
17951
35194
49406
26524
22031
5168
7004
19386
17549
42390
20453
37986
12593
19876
49257
24237
9731
14257
41598
2515
27725
105
22188
11219
20986
6716
44561
46149
35582
46356
18572
16209
47931
21462
27652
5663
11800
2843
42667
43979
10792
1686
39196
4260
6845
22838
33113
12747
23794
33036
23364
13395
44122
43484
37680
39686
11364
23044
33268
31868
17696
31190
29445
15374
30008
28351
1345
6780
7239
10854
35577
43530
35906
26276
44341
49451
36329
26052
35021
29394
12052
19198
44569
27121
8782
34816
7596
34776
47546
34515
1685
13030
15320
34476
32375
26595
796
1719
1264
39393
32369
39946
14388
28054
5252
48264
15907
42541
249
666
17252
23090
38727
14064
35039
5665
23549
45380
26373
728
44605
22282
26718
13152
3120
28274
2915
21361
8562
29351
28818
39341
11137
21092
8708
26929
8697
20504
30044
137
16603
16892
47648
20574
49691
6671
46118
37109
27048
42749
19172
27437
1937
7472
15828
12084
5072
28327
6832
2315
49121
12756
29919
47928
45824
11003
10696
42548
17449
10335
47126
7714
23949
1950
26476
49413
26101
46084
43486
28143
13653
13535
4231
19795
31283
36389
35122
155
21377
44052
13923
16149
20543
48159
1380
20117
2934
18833
14796
8585
27285
39910
45219
44889
36577
12509
21396
13022
35091
6631
40488
36054
42020
27658
27167
47180
1302
21700
15391
36086
11843
39421
8399
23194
34477
44056
4032
42365
11212
17895
33194
15266
17336
33437
3404
9143
23103
22917
42269
19359
26507
992
48145
14442
45228
45010
43463
32063
24894
8710
13801
46257
24630
44490
3118
8211
46664
33186
2331
44981
12833
6612
12071
29043
39443
42236
7740
27009
32340
20379
32401
44431
24383
1737
35259
46360
322
21889
47704
27855
1508
7822
24501
447
14129
25369
17653
1902
27875
18257
13886
27730
27346
10496
26314
13257
31398
36288
44184
1935
14112
47261
22908
9190
5572
16384
28424
2514
26214
39637
38927
10875
28139
2460
33912
25258
35799
21222
34978
515
32326
23131
36040
22190
27780
9077
10766
9650
20403
42975
46185
26470
12515
26188
701
15285
4617
529
28745
6995
3362
19473
41381
8030
47346
832
42311
8015
44794
36769
6210
15209
434
35432
4991
19918
1497
5169
25421
22177
37364
34664
42410
17795
28083
7299
31787
26128
25227
38919
36010
32181
41957
19828
3943
9930
16896
43934
32454
33065
25603
22744
2004
39008
39233
15460
47389
5313
5744
21292
49152
7964
39204
20650
7142
38
32131
12505
38763
5463
23927
18177
38142
36893
31290
1810
49644
2376
35611
2548
28216
33118
30734
2217
32531
42523
22238
178
3524
3428
47193
47039
24989
11682
49532
14813
10107
45642
36791
3631
46018
31299
10191
33145
49814
36529
44849
37416
32763
45551
46152
36530
18293
14620
11362
24589
49849
47520
24915
41766
21257
16936
8668
16884
4626
41428
21244
41233
14050
3998
24587
14823
26573
28852
21821
47403
11737
2505
13020
21020
2961
1430
23166
21792
16832
34057
19250
37641
9106
46417
28559
31811
31451
19352
48850
3609
10132
7394
40709
43702
36770
3662
723
13291
11038
47553
42039
12812
11412
36863
31486
23396
13620
37947
15670
25045
44714
9224
34384
44442
22446
6038
32016
38912
49046
20222
35255
1003
20484
17116
34777
49641
39110
38192
48008
1846
27629
14089
38405
48112
28481
21110
6097
34195
37423
18099
2288
30289
3242
33151
29140
23814
1940
39914
2258
31819
22643
10679
26340
47188
4938
38963
3611
28699
47408
48538
32212
17316
10106
44546
18249
17043
48927
25054
38582
10667
24050
35625
6555
28834
25309
13329
22509
45298
44784
49083
4173
815
41715
40014
21721
15743
23115
41234
38902
13774
16642
29432
35053
25276
23352
42273
16861
48001
14429
47240
32589
48334
42491
6726
33321
5450
3274
18185
55
14593
6770
12277
45627
32678
38187
42
36599
10657
40903
39727
35208
14170
37022
17224
237
43688
25282
27798
19602
15135
11165
7772
23433
16248
46395
22567
19534
30314
15229
38492
6615
6777
7007
1569
17218
29903
9634
31712
6263
39200
40360
36615
40745
42669
10556
34283
39392
1948
3964
46248
46655
8937
7634
44801
34938
43253
8957
5355
13573
12456
5373
6328
33296
22036
47448
15752
25209
47265
22083
49614
10276
16694
16072
9769
12409
27044
29112
30729
6846
31618
36328
42912
49050
34855
37165
41535
35056
3158
7535
15079
20736
49489
39505
38965
1747
34352
1677
24723
40783
27238
29091
46016
46177
27728
30050
4262
47377
9369
25568
17759
19912
37514
10518
9486
40297
2994
49904
28362
10143
17055
43999
16289
34040
39052
26700
37141
48835
48733
45211
31453
25852
35588
13348
15384
7708
6293
44646
26852
3527
25360
31965
41395
16837
31496
28487
23680
39348
17201
31064
6639
22993
21143
40521
22262
34671
38430
19091
23060
28117
20027
2727
30790
22652
3034
42752
3800
1501
49334
258
34149
10232
16107
25646
45618
968
39209
36107
605
2323
35330
7141
35937
5873
32595
44940
23029
25910
6459
6905
11372
5099
29079
43279
3481
11193
47350
18508
24511
7987
34650
8551
398
21324
3664
47942
47655
27906
34443
43536
48795
5245
44466
7928
24414
27441
31898
7646
41185
30581
38193
45953
47629
43359
47847
40583
49057
44643
16817
44049
24626
9465
38384
44426
8409
42177
6812
21661
32080
7488
28977
4152
5417
3260
33374
10571
20150
6751
23865
35098
26646
17042
47256
18086
34567
47178
23195
757
824
27171
45396
26626
12239
4088
16902
10058
33155
14991
27088
25400
21061
13002
44113
15149
43455
9904
16062
41464
20372
17466
36076
26498
11425
11369
25080
15144
49023
29987
15813
49366
27854
11801
42584
22969
8716
19720
17250
48041
20792
38078
24719
9553
18903
14387
15087
48756
12822
10630
154
22150
31039
13682
36684
2371
39788
47365
12631
10218
34821
16946
45588
23253
16267
30216
33880
46918
4094
25972
49006
29976
3818
37693
17726
34216
31607
27636
20467
42942
7257
22221
6384
18001
831
11040
28027
46140
18239
27085
20783
45803
38354
213
24035
44764
25712
7568
23646
38735
15641
15724
12721
28816
22614
35351
49024
49526
34641
15327
19225
3874
34479
49604
12849
3494
25746
15578
39842
30466
49296
15195
34940
8616
18490
9350
12108
690
45919
32114
27916
43223
21689
49969
24294
36836
28631
41846
36632
39118
14970
3002
33650
19290
45108
6100
26305
15960
21421
8151
19056
14879
39643
1287
8189
28690
39660
38553
15671
31081
46613
19698
41399
20576
39919
48520
26351
6893
22008
25018
45996
19189
11440
33866
3033
36624
14106
49164
33892
5987
24998
34959
20498
1833
30183
46608
27799
4716
48959
966
30864
36947
29953
32101
27829
4252
22514
46397
38885
49079
22263
28214
43451
38589
29076
14350
13731
5163
6700
42493
45591
36248
31817
567
12800
19827
40762
23366
46839
42587
46493
35729
37802
31650
30465
4864
40463
20673
7416
43838
4827
10797
49317
15202
18113
2967
4599
13650
37854
75
15438
11640
13878
38479
35250
10801
33831
26965
44880
49148
39559
31614
26725
13400
27895
4526
34456
47696
6864
30181
29541
13581
4982
8417
2987
26303
33511
1498
45037
46558
1
14923
28033
21855
34052
7781
13277
48404
45945
48101
3667
28995
23645
17607
27180
8216
39494
13179
1437
16627
522
38778
4579
43338
23668
15576
46866
22697
46696
11381
2173
14849
43001
11866
9863
45033
18093
49165
4654
33977
43658
26839
47455
39737
29939
32856
36827
29490
18156
47380
20086
37779
43907
35998
34615
5089
18803
23324
26614
475
37775
10698
10516
41315
41043
43994
32872
5374
33162
24692
141
25719
33550
1727
34010
254
23021
1403
23985
7901
43797
22493
19448
5216
14829
26504
42346
6488
3248
46979
25396
46247
36743
18248
40595
30813
25326
43579
40243
223
23964
38180
31565
37286
31636
8486
24121
2446
25976
9370
4004
527
38008
16610
28096
10654
17032
10434
43242
30820
42746
18457
11983
41343
8028
42259
25903
9800
42924
18681
34242
14078
41154
4808
43433
39374
48656
24718
5750
28200
548
1194
26551
20544
27416
15709
10605
17380
31771
13784
30235
20806
10890
12840
35105
16297
41087
18828
43444
38318
1155
48571
13145
21669
31212
43648
22318
49748
21877
648
2137
28711
2134
10321
37739
42339
48442
9128
4129
48384
40326
34229
7428
10503
3619
28962
46170
46563
312
493
2860
42252
38328
10553
42027
26301
11229
25455
45754
44138
17541
7163
20252
41169
38093
49935
714
822
45194
5221
43600
43237
19888
17832
38112
43125
22483
2693
13832
3815
45695
49045
23383
37559
22803
9161
39483
6174
2436
17663
12310
34595
43616
45628
47524
39423
40630
16923
24767
42756
31535
11552
42278
6029
33347
25351
7483
13804
28341
23445
34022
9457
31959
5597
29962
45745
32467
27419
44428
35672
17865
46220
2965
11836
15390
11971
13723
41739
19712
14010
27879
7903
44925
18104
20768
9381
40022
21443
764
5435
2060
47131
35124
18891
13831
27515
23355
44675
29618
10943
12442
3021
7148
17362
38600
8088
43874
32038
2996
31019
47109
42664
31391
5214
37458
11565
17392
15940
8405
43132
8246
17923
44313
10619
43492
35362
37948
8005
26041
15662
22797
13333
49100
2628
663
25412
48166
17051
40589
30792
7000
30374
48764
42702
44905
33184
43729
29320
44628
23849
19083
20686
18398
1191
7262
40215
17050
3127
8171
20657
36111
29734
47459
45495
10364
47239
42818
8852
40880
49827
11339
3652
48473
32705
18331
23003
9322
6250
1208
22233
14667
22470
6709
10567
36695
31321
14868
49299
3845
19744
47337
37710
6584
26485
28635
35626
12582
11874
27994
41816
40658
37972
18135
32151
14131
10813
40218
44063
12186
45273
18977
11485
31326
10274
40932
12359
46952
3035
31841
24965
11121
32247
1393
24053
17382
33598
30903
25492
14250
12079
3893
26222
42540
35597
15257
45421
13010
10039
4136
30286
7856
29569
2815
12958
15848
39519
33612
10116
29035
34385
914
32506
6353
5733
23144
49718
14654
40750
1683
49921
38646
21747
2379
38244
29298
35121
41235
32567
10310
16186
601
38863
11273
2164
1933
24226
217
9000
36203
34935
19368
35596
26434
38024
36457
45523
17305
46357
21775
28685
26796
31159
20554
26866
6000
27502
22442
13062
35574
33246
6955
2069
48851
40154
28291
8841
21902
46004
4385
21519
29427
7849
11821
20264
16899
4820
4872
25021
31392
10672
9451
32606
14061
31332
21049
2605
31722
37566
43355
4160
9912
31775
40552
18425
40912
9149
37382
36564
19998
21955
31706
16550
20201
44265
49875
18230
1985
20936
19654
48731
32085
4871
18792
44647
15232
34891
15241
37770
30544
2826
16012
1451
15163
10980
1136
2795
34537
38395
25160
43276
28114
25441
33560
40276
8137
30564
425
1790
20021
25831
35888
20776
2167
18729
7587
31964
4280
10522
22144
32389
34853
43535
39871
11585
15485
45507
31751
272
290
6564
9232
15061
27960
44468
40937
12610
27469
47766
7504
16396
37938
15747
36259
36861
37687
34679
40792
44486
23291
15577
32230
8515
19164
14587
16163
43250
23255
13149
25534
848
16055
6754
27949
37490
29116
12941
16757
405
30495
35932
38507
39133
21562
20561
8579
34587
36445
20385
26048
37148
35190
38345
7201
37228
36391
49580
34054
42591
14341
15721
36748
1499
44478
34827
11901
40614
36425
18150
39497
27341
14055
46622
4890
46679
10042
24906
4289
25996
4285
24720
38975
19450
13059
29182
45416
3659
39807
32025
43655
43248
29335
5918
8347
27578
736
33549
45269
34538
25529
9605
26772
40948
39550
38034
2672
26511
31127
43045
23881
20251
43623
48205
621
26453
40884
9102
32804
10498
48624
38977
33551
4806
12519
3393
40939
33593
33272
33591
46455
28904
45042
16874
46686
3041
27413
22952
7790
17383
7628
13805
9974
43115
15999
19149
1399
22875
2627
46669
29007
18098
6707
48331
32631
30996
9403
21993
5952
14695
2034
34901
13386
16682
5994
22342
980
36015
46884
47244
3051
7376
48792
25783
36958
17339
9511
41332
44684
8786
18306
39992
16676
14867
48472
40426
44958
20122
21794
39462
13745
46365
20874
14052
33205
49318
9940
1124
45848
37152
6897
11156
40542
963
10480
26478
9488
12946
895
2560
42550
21398
17975
5486
7895
46234
6410
6963
8465
5230
7063
32851
10693
37871
48027
17872
14928
18474
47949
21405
33518
3425
28651
37120
28354
31005
1289
13691
3591
34588
9563
5831
23630
34889
27074
20503
25038
24011
3851
41482
9103
30175
671
47743
27954
37499
41569
8075
28880
41058
8619
25193
4929
18050
36882
11781
33409
27116
3316
11832
32480
37971
43632
32745
6785
22396
45675
26586
11249
29946
34695
25289
35026
20764
16314
12004
38188
19754
5158
24470
49007
15428
19709
35877
731
36486
30886
35518
20229
20813
34620
16519
16806
8097
9939
37072
26907
35396
48304
26069
11390
34320
12040
21458
2181
4251
37511
47182
29470
12370
5389
24054
33160
28611
23685
38398
25791
22386
7295
27583
20815
29238
21639
18770
13242
29958
28580
28153
13981
14676
38204
48393
24986
37104
749
21310
31697
5939
1632
36075
20104
34171
35593
46037
22384
43836
10540
41581
26420
49928
42709
38367
24172
22995
30477
1147
4500
33388
38316
8951
13809
8488
24220
34835
18810
30940
9062
13256
7569
6854
3785
12352
47757
30992
6673
7633
13019
3713
22856
13705
9977
26605
5596
12015
6419
27557
44596
15317
44123
46711
38130
8350
20132
22065
25195
12623
41152
40460
19990
1673
4412
22160
15115
45048
15720
5936
34621
30769
37685
31960
9613
4984
20316
27958
44589
3115
4501
31890
3269
41420
27516
18176
1309
32205
30076
23028
17450
16015
35517
49559
29498
35775
41800
19969
11024
14312
28774
38498
9784
41263
34772
22103
3746
38245
25085
26546
16493
41460
38273
44110
15489
16492
41195
10013
8662
29857
6567
25772
41024
19733
36691
12167
43071
7866
33856
20782
22724
2517
36755
6994
43518
4019
3334
23963
44338
27339
34359
7841
30521
35792
45002
33905
440
6622
48816
13205
48283
31061
8447
26631
3571
21715
30740
1577
44301
46660
2874
6558
11792
21059
42863
14256
14231
32312
17938
31939
45944
35256
22409
13647
19179
24332
43516
21461
25885
13092
829
39746
14859
35747
40013
37256
35322
23641
2904
16310
23224
28654
32940
26558
27005
30757
21634
44911
34081
8423
19629
11247
25611
39854
7540
1749
9395
36380
11654
41730
27757
17500
45705
1422
44779
18390
22684
39985
21203
26362
37927
33639
28707
29616
29888
31718
45592
4770
38697
24319
3437
27062
42634
41022
29097
46444
41365
27281
21560
15094
27568
35215
18925
37529
4778
48044
13808
5729
47015
24699
25393
25475
45310
10334
41317
7791
29757
23915
4764
14006
8810
15871
41718
4661
28568
30825
22272
41313
17999
42971
30764
7322
10290
37608
41386
1585
11630
14837
28207
47842
45832
38196
27731
25183
17882
21739
24810
38202
27755
38229
38767
3444
7874
18853
22206
5667
36088
26857
4147
29719
26638
47312
9123
45681
36823
5979
16532
19987
44379
9434
47888
23517
11125
25339
44157
12434
49990
43282
1875
18075
49893
29715
20303
16822
12353
23019
16732
34356
23216
18197
28460
27431
34351
20168
25453
46245
17927
7006
10684
21928
2286
1427
18101
31941
4320
29243
31113
13161
36467
33987
4482
46121
6136
10622
8803
898
26234
42423
18506
7420
43333
43831
47204
14519
976
21017
5865
7209
37540
16438
20492
24633
34666
16608
5349
38794
5946
40166
25850
4182
18988
24185
17340
22119
19829
9022
19697
34806
21867
38878
37149
23691
49001
33967
12221
32689
6208
27734
18646
29278
32275
36210
4290
18160
35756
22359
48292
48832
4234
43320
28071
35776
8988
36546
46388
12775
48534
1280
39812
7244
29892
30308
6714
46292
8433
18246
27201
8712
10844
38323
8923
22044
14916
40929
14496
1361
12252
4304
18693
9295
16731
497
7851
1555
17582
8543
42917
47922
46685
36712
40212
30275
3773
37962
8979
41448
23325
26764
12856
43399
18548
10446
21453
48267
37017
30248
4181
11651
45272
44611
24153
22266
44238
16979
49309
29027
5901
34469
16815
37057
27393
41597
42844
10414
5940
33225
9165
44479
20515
43229
44959
21487
15895
44229
49179
16135
35662
4172
40392
5827
39015
14271
3170
31121
25194
42886
24662
15106
12312
44774
41997
33530
5323
9254
44822
30942
23480
3885
32886
21596
24517
9296
35221
41100
2158
2810
42130
1341
28275
35834
20242
9727
11625
31866
4628
26073
34331
11598
19331
41700
46734
42492
21390
25648
34186
4748
26375
33086
34773
44220
25182
24015
18781
45871
9159
2957
29129
40578
45154
46139
27006
2754
36758
10248
19524
6908
14066
5346
12242
7806
7186
1556
4537
36594
24518
26011
25349
46164
44117
8139
34842
48765
29279
18386
13725
41540
38169
24582
27241
5180
41324
8222
3317
42948
34822
17571
30879
1065
39977
27672
34009
9975
21132
17651
10900
30609
48718
46463
45248
44725
43948
6892
29348
21025
33232
5344
45605
13284
46433
12936
34375
15751
41220
46526
3559
29627
39591
49059
8456
27194
33133
29739
15383
40121
34091
31296
15975
39049
28031
10285
14894
22639
17702
39301
1486
46423
34026
21843
16316
15516
26467
34896
32544
27876
36547
3723
7648
8370
13338
46050
506
27791
32341
9973
3790
12467
48951
29547
7962
21770
20853
5557
26616
20396
16356
147
10950
41140
47070
22849
29022
46695
3301
48657
34859
8519
28076
17926
5988
37064
29684
1332
9093
3658
29307
3814
904
34251
1093
45650
15588
7398
39797
35479
180
4393
11745
10388
33124
30610
23912
27378
8364
49330
18024
7497
27538
37460
8095
3896
28198
27433
27257
21829
29883
761
44090
42238
23505
12816
17510
3552
38609
47341
14687
16580
16811
21681
24947
2080
43548
38592
2706
8255
9225
35963
5847
13700
16223
35789
40144
19289
45450
26
22722
43354
44938
2008
11233
12
17863
19420
16336
12960
46500
31236
37171
20227
32342
13699
12142
8779
42293
10884
26218
23280
12700
9227
9189
11717
15339
49962
260
6779
16240
5855
30858
11670
45427
36084
6288
1448
36906
41607
23121
41671
6886
613
38249
14185
45987
10268
43047
13980
7607
21349
9365
45533
43170
26268
44933
6427
33132
23412
49353
7124
9589
38904
25263
41426
18843
12448
5366
3259
33444
35650
26575
47058
28733
10935
42842
48125
1913
3957
5199
42597
12385
35477
27210
10891
4856
49957
8301
26472
5173
8614
18769
35680
16558
39649
39662
1238
49061
24599
46271
37080
25897
44642
14419
22998
15611
27506
2279
10382
41937
44057
10737
30320
37006
49762
19361
25482
25994
12806
4302
7459
49072
34004
29752
20870
35805
20435
48895
44243
20601
44990
3539
9982
6670
37928
16127
1096
16994
26430
17052
10740
20720
13325
38485
11574
17695
37531
41045
22536
6683
20613
29989
44186
43353
47349
11937
35326
12183
45104
38614
35735
15419
11989
4469
15305
22316
15432
16773
13103
8191
20514
42057
18011
35387
2235
22075
2251
7612
37465
7095
30403
14565
28838
13219
31306
40079
45942
32075
38003
33069
42344
9736
39025
16769
30941
12251
7287
29621
48273
20926
45360
48235
30745
46224
28577
2451
22965
4888
13120
42592
6125
44140
3937
9052
37810
12033
49872
22097
7766
28057
44104
11480
13387
11604
12318
5462
17064
49623
32236
23531
44404
8753
40823
34861
25628
33729
6530
17623
38713
16864
12017
21879
38901
3738
42784
41155
37519
16287
48891
44942
8896
31260
8514
16195
41011
2685
21129
49800
42529
42184
10669
31580
15481
33931
18055
15333
4132
23086
13167
41866
21951
43241
44665
11691
35307
10878
34360
41159
5225
49765
31474
42204
20177
27965
28400
35736
17468
45526
15436
31649
34337
46928
34342
42910
48846
47935
34304
1818
10901
23660
19690
32969
19995
48575
24972
7710
16657
2106
9826
36515
23388
24037
1779
45655
3200
20038
9693
9108
15586
49506
38392
39766
35341
28449
12504
31033
11452
26859
26580
40849
26057
12989
11085
23941
11391
8234
41879
37089
17211
9310
5380
49097
5580
25725
33349
15470
49409
43859
8565
45516
22382
19778
46724
32440
27943
49666
9213
7700
26350
199
7734
19885
44795
14595
3543
14022
44660
39832
30461
31973
22525
6742
7223
1708
39699
38293
216
39157
1457
7343
22540
32545
8533
1931
11354
10830
367
14407
3747
5891
41072
48497
14992
6078
27528
12198
35850
25055
30815
47237
29306
38861
3125
20629
6087
1754
41629
13095
15477
24899
16597
27255
46568
15770
25066
11064
17203
5604
47801
45138
34045
19423
17891
2592
7102
37958
512
12851
28983
32126
34303
26336
16866
19786
31049
49927
46412
29859
773
38677
40299
9201
14474
24967
34470
15572
8252
31132
48451
32636
26934
17424
21969
23180
44592
6046
5147
34339
37932
15213
10157
17893
24374
49887
28382
42135
23127
45343
37398
20407
13467
8607
4135
24214
39836
44483
4068
37083
11787
26298
26833
20072
28776
13605
37630
19801
35569
6991
20279
39613
37588
2426
809
27234
31227
22407
21737
48797
19792
21391
11723
18492
49706
9759
8098
33165
24772
45094
6009
21687
11035
49579
29611
3210
32635
5524
43230
14159
2455
18785
30982
5405
46534
18052
34999
3519
44364
47951
30297
3694
21611
30738
37013
20917
46354
816
3722
4226
33587
48395
39050
23401
42139
29880
26075
42659
14778
16366
38139
45934
15704
20826
6586
29639
41311
29858
19877
24313
28557
26946
32747
16383
13252
40066
22040
19897
6589
23545
8648
47777
42554
32657
49857
23679
13540
39087
3064
235
31917
24554
11099
24430
19726
46668
12045
17199
23770
11563
20032
43478
7010
42294
9820
14056
21553
31231
45011
10063
40247
26092
3369
43371
36481
30697
13967
19467
22658
40889
38383
20223
45274
20648
16855
21730
10689
1098
31764
28048
29216
49517
8764
14235
38682
23698
44088
4671
13857
10883
29167
2203
18402
25168
9420
30936
6375
5094
30236
21286
30258
18818
39485
33637
31047
47121
21977
5128
27037
31886
2922
27452
11852
22690
738
23252
32243
17802
948
35120
39212
25000
40528
46409
19218
1998
31250
37570
2077
1911
15255
22174
30860
2495
26617
40979
48470
15287
29484
16591
45198
33678
7008
3077
4970
22020
25383
44691
8060
10999
30852
30663
19492
16516
38799
43769
7801
44464
32095
26967
9498
39849
39584
1223
30591
49470
5633
11662
39340
30196
40759
18346
15239
45537
48386
33902
10848
31880
31512
28462
3761
49956
28012
918
42473
31850
44791
36348
29624
4165
20866
8785
28624
37356
25316
34847
41645
29535
4367
32509
3855
8855
11443
33828
24405
9535
48082
26282
35556
30640
40496
40443
18992
38254
43747
2478
42744
49478
37771
14698
40820
31063
44187
36854
3668
26991
30238
36966
19030
46893
9938
37761
23758
43553
37762
41203
22645
35545
3239
43173
22034
27144
444
44828
11522
26109
24771
17348
9789
14395
42635
16545
37897
43323
29191
42671
568
282
4973
35412
19597
3971
43321
16533
6514
24653
32006
45247
38634
11290
27056
19560
43158
25110
48055
26707
17434
12391
24263
34774
6196
10118
25921
4863
8673
17327
926
5396
29972
48537
21999
32266
24809
47247
160
26116
21640
37696
46236
19537
16711
13422
19287
14103
23542
38314
33973
25624
44655
47537
10959
15602
45286
892
45833
1836
47815
45081
5039
15546
13381
19582
8165
7283
29245
42716
26585
45700
2828
20124
11853
20630
25606
27691
2003
2889
16375
4100
43184
48448
7236
1809
14657
19377
47837
24253
10846
8062
29935
29669
49396
11302
38530
18576
10771
32362
24071
23081
38477
34510
21023
46431
15822
19477
11079
49624
30703
45651
46023
23446
7060
8061
629
25198
44495
4939
32788
9155
19675
3767
9962
7638
9305
36968
14472
37735
29563
22011
40999
6500
38933
28085
3715
27146
21348
25331
18697
24099
10755
9478
22284
34917
27410
34689
1738
2910
27908
36948
30193
34444
6106
11871
13849
27191
27208
5965
31343
37815
5792
9782
43220
5773
41215
36648
35066
45633
12818
44616
7368
43180
5584
29262
36387
16853
3234
24820
19257
35414
7377
49986
23536
38330
23808
15142
27589
20368
23607
32711
9454
39356
47477
22271
23188
32105
36219
44612
39415
23079
24348
47627
43972
49909
2590
8857
27094
39703
34023
28660
12430
12547
49139
11324
39617
981
44259
18974
1711
13265
19196
10616
16181
25619
28687
1149
8899
28939
24318
23161
15457
27927
41970
43841
32134
35073
40194
10421
43748
49383
27338
44297
32738
3852
43005
30925
6964
21577
45625
33510
13368
15363
49264
21504
40809
34169
39621
19159
22897
25761
8587
14966
10133
40125
39328
40280
28124
16013
18581
36193
40635
5046
19558
42212
48906
5226
19320
44755
2603
42717
48114
46436
43376
17138
49056
16760
15421
33211
1828
26385
13601
5512
30484
24585
47370
41065
6960
17301
22651
10779
10216
29010
43644
36215
9954
39217
44295
40587
24286
1816
12213
34736
49419
36579
25104
31150
30571
11271
8085
28349
9338
8054
14447
47521
10859
33578
33782
21531
10057
43493
24279
8540
29444
44608
37515
13461
35516
11191
1092
13561
16464
26183
36979
25231
30307
41881
23455
43156
15174
30359
43652
8725
41097
12177
39492
26594
49562
39972
38772
27763
10410
21280
39866
25679
24567
42405
33705
7468
25284
22833
7615
22013
33103
25605
1042
5035
3328
47185
11313
8816
13599
17627
11897
6510
38138
9188
17684
7126
12324
8560
46054
16000
49140
25233
12399
40033
31717
25250
13104
35965
5592
7847
23187
39680
20258
37288
31582
18044
3454
2348
48995
10802
1367
33464
15215
10457
22892
14682
49304
9689
33634
44631
13814
41407
41745
47230
34566
26432
15272
37989
6999
5100
23622
5844
10991
34624
42008
7106
43387
41921
15461
8042
25200
2766
33038
44844
30334
18722
13523
10463
20756
33800
42096
37959
7451
48138
2090
25806
42793
12743
20773
33566
3179
14179
15017
11368
35270
32235
24603
19953
9921
30436
33728
3019
24740
45887
39126
36379
9473
40170
27031
16569
25050
39382
46375
18313
47579
34047
7936
12083
40015
29673
37163
41554
43608
21741
24468
25861
5458
41675
38451
29852
4783
15757
17648
28503
4396
21897
3680
12437
229
42652
9234
49289
47678
20231
41584
1566
8773
12433
32946
29463
32616
2906
19702
20137
31992
10973
9614
27692
24137
5157
37536
38655
9020
20380
32923
17781
30245
28734
44578
28792
36143
11139
8351
40146
10256
34172
26396
49432
41510
37353
36014
48944
8699
26905
33636
48142
18443
42968
20854
28574
48585
12871
38743
32909
29041
39165
39528
34060
30598
16170
29001
31044
42846
48560
42791
33586
20809
30538
47304
40507
14045
28753
30305
34401
27462
4677
7025
21279
39577
29842
22662
4609
42185
47027
15445
46110
35691
43768
37699
15441
26731
49859
22168
31298
143
842
25517
1615
14436
33754
27080
46074
15802
16663
8947
33565
4835
29634
29997
34979
9064
10070
15583
2816
45327
47693
37392
29838
25622
11124
747
49784
4195
22195
5159
24378
47635
42781
25922
40651
25721
22501
49147
36404
44084
40256
36585
49441
32832
10982
40991
20033
17216
42531
11328
8458
18797
23947
899
26960
28258
22806
11742
29741
45085
11220
47451
19748
23154
9787
6357
8969
5400
14376
28708
49107
22932
38956
19739
38954
19132
3009
7867
26124
43601
41741
19672
49626
16850
14821
2509
32930
46997
44012
13244
9948
33264
5427
29478
37225
14194
45964
20916
26583
6456
36711
9501
10969
10608
27588
91
7113
45759
36810
17233
22378
36733
12661
23218
3583
1674
32391
8860
37384
30696
33642
15616
18678
40688
16471
20837
264
25918
26044
1109
5839
16201
15422
14499
23150
5043
1999
32823
34156
17805
5614
23020
33526
28646
30220
2204
11322
39367
5091
20143
46042
43281
35510
48199
37131
13970
17957
14585
17237
7318
43804
246
26577
26926
14033
36737
18111
3354
37300
30309
45674
33839
5527
48928
38742
17785
38397
27246
30492
14455
28364
22204
1500
3854
47958
26800
13366
29811
45049
20901
40998
10440
25989
49104
37498
35210
15057
28604
8029
7934
20304
23320
42462
3832
42170
25495
29340
11269
21218
40667
25328
30400
36043
8596
6385
18948
18518
2276
47476
14914
13101
5029
13747
48452
26512
2615
37819
9011
18612
5
27667
48745
46498
44999
33935
24198
13170
3835
31861
35324
3925
8133
20959
30026
16712
28411
29617
35206
1778
27323
39865
7134
49203
13945
11403
5207
29398
21057
28262
4967
33454
11223
4653
48007
25667
42015
1299
24437
48430
42916
47603
5778
16317
7014
8432
45404
21894
2250
9506
3987
11244
18375
33172
40465
24845
37648
41268
12549
28807
31361
7018
49446
31878
25093
13615
26916
39683
11811
4556
6521
40612
5999
22869
12827
42445
10590
7147
6940
36125
14422
30654
15529
22992
48961
31446
23973
48253
42527
26193
16265
42304
10530
25858
2439
19648
36385
16169
6147
43726
16863
13737
36185
49363
8953
32146
14561
25485
33618
5460
26347
35265
34862
16104
206
7442
10006
8691
38925
13097
28634
18628
32981
27091
38674
26474
16683
43901
15676
33229
7305
39310
47669
8158
1204
49471
46008
9158
43933
47458
43738
22260
23486
4427
48251
2937
15843
18544
28080
21609
1616
46532
24976
43902
44465
37354
36508
41300
21051
32971
47210
9992
8076
14262
47189
10937
47292
42894
21542
6996
29274
29071
35777
30635
2775
2255
10670
14800
45220
44100
29754
17128
1804
8787
33512
5726
22277
8079
19137
9135
15690
16953
2265
43090
38454
433
30463
31325
20637
13229
19185
3948
24525
1205
45752
26450
14852
3672
48443
18931
48743
39373
30878
27778
18511
2043
36654
47279
23309
24805
36250
961
38307
33089
49438
42469
1054
31573
3479
17028
38840
17690
12368
35505
20817
45881
46107
24354
13571
21587
45911
11698
21159
41635
19616
1663
42058
15472
23300
29736
1771
45347
21851
36464
13404
152
12431
25151
6472
30343
17880
23457
42578
22553
2058
14308
27105
18361
23647
49433
13947
8680
36634
25166
19221
35181
12905
23951
20469
38543
45648
35431
45208
43081
45604
16878
40080
27775
5073
24978
19350
36284
7345
47765
23319
43890
27981
28800
39405
31366
42524
41051
32564
41409
1036
1416
15188
21216
9216
40704
18365
30862
46817
350
17060
3188
25375
23302
26247
20962
18985
11776
39831
1720
47386
11668
26733
38633
4167
37780
30166
28436
44227
2547
21827
696
43605
49011
2573
34725
12488
19292
31662
22317
5305
37793
4822
36772
36866
43808
41971
39725
44563
34877
25040
25681
13271
30198
5083
49811
18441
33408
12650
8124
27751
7112
13041
25513
17127
12880
11180
1799
47207
44893
1013
25999
36930
46689
42314
37614
9682
22544
34376
34866
19288
505
40191
24108
30827
27049
16996
22108
40943
41275
30895
49123
23407
15258
15568
1031
18163
27882
12768
6065
24889
9721
21690
31559
9910
39011
9572
25929
35607
42615
17044
29588
4097
4484
19426
27449
20584
9131
41391
48810
31429
33951
47510
19797
37159
30051
25883
27752
40355
19222
25948
36087
32319
37091
45109
16879
24790
31300
1996
7998
42991
13184
40529
21433
31386
46519
11320
10904
18370
34491
3308
42016
10376
2378
28917
17297
10406
46209
23803
25150
197
31805
40370
29868
4659
14258
45470
26484
14040
47955
14683
27808
884
24669
12173
2574
47518
19204
41603
44812
19421
36149
12340
6307
41680
33004
8522
10728
2430
25702
31952
41330
26875
10348
8218
43026
48607
37968
47306
10872
9837
35856
35984
38178
33522
27966
26941
20275
43235
49799
1671
46051
35411
33419
28762
4548
43974
34217
45626
6335
24341
15550
31493
43941
45199
41863
25199
46181
20186
26224
21653
27715
9865
41679
49662
48360
580
39441
21304
28876
27651
37682
35771
15873
7529
4686
13955
14514
39589
9560
12196
17232
46013
8927
41168
20416
16644
44877
42480
25891
21755
14603
15693
30357
37836
21358
45226
7391
47354
988
11330
36158
12091
42411
31943
28126
23773
34126
4943
26107
15734
15708
5576
40304
33662
36829
4131
29497
6801
9566
27232
28903
14314
36956
13844
3744
16803
49244
38820
48437
23583
3486
19789
36081
48918
14202
28617
9259
12679
21915
26752
26891
19135
7723
35497
30758
9794
45253
41604
24893
31876
27093
32677
33802
1082
6847
7542
17592
8659
29550
46739
46872
15332
8238
14578
41276
28320
49354
14434
32727
2172
35660
26171
5675
4986
26556
5381
27680
38463
49818
40599
18270
1400
12820
8219
23734
18089
43671
30563
36931
30965
46746
327
22950
38611
33139
48992
37030
18157
42996
22007
14999
37887
35524
13281
18676
36273
40159
15303
38711
45119
4439
6016
2684
29313
36326
26920
4790
31687
476
30953
47545
44319
22432
11437
30389
33689
43955
26176
10896
26428
10331
34039
1730
24327
47235
3449
46936
10202
2380
22974
38368
6725
35109
8750
42790
41063
32415
35719
28369
6803
10375
35717
16463
16593
29383
38627
18419
27266
6365
44917
37804
6633
49277
35575
15008
37251
34532
35459
13525
16934
36903
21428
30784
9004
9569
37898
32978
36831
16143
4269
40980
37318
15779
36828
4315
34393
29932
16288
45077
30542
14213
41558
29630
35460
16331
10349
12606
5483
3281
47859
23307
47351
902
32903
24306
6279
7629
43725
45768
43494
41291
18308
24598
41453
39460
34720
25786
21716
22219
38191
7458
21360
44437
3254
3622
48187
4256
46367
20073
23202
76
10874
43491
48324
10481
38702
11751
35904
41340
23068
12787
48015
7839
4046
8815
47113
21066
7844
25446
9858
29301
603
47471
22071
32056
31153
41758
8052
28388
30274
39339
12210
13687
32936
9735
10264
42198
34087
17329
43716
48629
19818
24635
10021
47530
37385
29068
31242
14450
10056
49602
9487
18289
4205
24043
48856
34502
16222
11541
47187
23105
24519
21456
36909
34522
18895
16056
13346
2029
32026
45677
13829
2890
36649
5617
31497
34936
27647
41871
23365
45913
44544
13439
17870
24907
43627
41465
16690
36640
46471
407
17879
15147
6277
4849
28620
37637
33798
24034
14888
37564
34687
22808
25520
18941
29309
9337
37449
40983
924
4253
2576
29810
24036
7696
20812
3271
40295
26460
20450
20932
18420
3807
3208
22694
47744
49181
2476
687
11543
43710
11940
19209
7827
9242
37402
1572
26081
13658
40989
24593
9173
12861
43847
17944
39246
13817
14688
43544
13282
40537
40492
10100
35360
47512
17791
19898
26357
28289
31213
29308
30167
16419
5642
13864
18330
37646
30225
27593
11230
23514
39728
7549
16668
47260
46644
49290
24759
18144
45578
47668
48732
44876
6268
5309
14473
32598
25299
33224
22212
41431
41998
27903
40586
31961
25860
9592
2738
28844
45981
13405
19978
25479
40620
15906
28485
15812
39119
18337
2481
35469
18125
23329
28993
47961
11467
3932
20377
42333
7193
17614
6711
29745
24330
20287
17722
19363
19894
33381
3963
48762
41668
33356
49382
45612
19345
16929
7600
3830
15748
23713
10101
33893
25586
33466
2171
4812
7630
11793
24002
45630
37427
34104
29019
17539
17773
38256
39363
17751
32420
20406
5783
48853
46276
31259
34218
20342
29755
48064
12929
49386
14841
5282
37811
14401
7131
16040
24659
36359
41583
13459
37401
19919
34005
49151
45916
41208
2620
20977
33616
48218
30807
44196
4941
15646
31001
45432
20816
4496
27786
1775
8840
18691
30324
19940
19476
226
17035
45663
4363
43002
43812
44800
42479
39953
41976
21163
48524
31750
17964
33937
31863
31803
38941
30845
2630
42276
48225
36940
23503
29333
3275
33922
13684
32305
44509
15653
37307
16084
41902
34017
31734
4637
42536
32680
34032
34576
11450
23728
24644
36897
22498
31623
32477
16122
12383
46692
338
14540
48637
106
9208
11744
17292
26427
7624
5076
10666
13299
16631
15031
49180
13371
18789
46454
23719
14736
16917
37885
30832
33303
22126
49200
25608
20110
41375
4896
19243
14265
4720
40092
25866
15352
4010
61
49944
31792
18369
3267
30388
638
32661
39567
11790
48359
27769
13374
11331
14046
34923
13858
14454
23483
23303
47086
46336
15260
31442
10351
49233
47474
21824
43899
13427
396
41858
28350
38312
1676
3724
44739
35160
38086
29026
35061
14533
11559
40794
10195
31289
19511
15947
13558
14973
7423
25398
16986
24506
17492
34340
5801
48094
26787
41034
25240
28830
23318
33786
32143
1100
47718
36701
29332
44740
45093
8044
22327
30534
48962
42174
12853
41006
37399
24729
38681
9606
1026
47607
16962
11494
44247
22088
42470
15595
14428
40091
44969
8666
21271
950
24943
15355
17389
1613
41674
44936
20710
3174
39619
28062
36063
11240
2284
23035
37021
6985
1142
852
29364
12140
12110
92
41690
1458
927
22183
12773
9999
9633
33514
5984
2859
5751
35862
31856
87
48947
18928
3353
18695
25540
34831
46215
42227
46616
25802
32894
7482
20105
35174
47278
22903
534
37774
20465
23708
31769
39091
22508
49468
21817
4020
8368
14162
35083
27931
23125
23147
12291
13772
31970
9780
17070
41038
11293
9359
14925
35166
42688
1200
25178
42928
22169
28195
49742
41456
28001
49021
46814
19439
29531
44769
22999
21646
5890
30557
41760
22479
9497
49326
39013
26289
38329
17818
14827
1726
8077
48058
18132
42178
45823
268
42021
303
8544
7424
1827
17306
33199
166
36716
3468
21139
27694
36309
16303
17239
27008
12390
24806
21
167
41646
40187
38806
27872
47508
2006
38478
42558
42464
37946
14199
32665
9716
46435
2209
43630
9144
18584
6937
49227
35230
14097
24788
43892
36156
11976
45362
10003
6110
41505
15178
38645
30075
33056
25744
19911
39062
7945
7564
40544
7481
44095
44083
7893
47395
4813
20896
14160
40184
8956
32613
16771
38461
41874
2757
1596
8221
36251
1748
14614
34857
36381
6487
9447
41226
21115
24418
18793
27162
34667
39880
26805
9550
22559
45403
20583
31003
10096
41498
42739
47749
6233
13106
19140
30690
41821
1120
33462
44079
9076
22054
30701
47860
41527
7536
7206
43429
34097
18382
48702
14693
34599
29201
21760
42316
31452
21901
6491
13225
18391
8740
8552
29285
23793
47083
34043
31447
22582
2624
20409
27140
40242
47213
24917
30898
11292
36607
9541
39240
19220
48799
41406
9707
16470
34204
44125
35333
3839
15190
29540
43991
41355
43304
12119
33175
5680
30040
36855
33460
11642
3954
6264
14008
34539
34656
24433
19513
14860
17408
9499
44305
36669
9067
14340
14212
48958
7845
9905
45086
17679
29586
18699
31990
4052
23468
39314
4930
43259
11080
24482
45392
34478
31799
43356
44330
36523
30397
47580
27779
21816
39032
19495
6762
12613
14109
25745
11378
27352
4115
18598
16452
9744
23008
21712
31096
27236
40990
3089
10009
44617
42638
37117
46989
17248
8
43051
25571
19487
42961
6562
25864
16715
6525
34610
7647
46160
10125
25128
5687
49361
29403
11231
27067
44704
31209
19059
21946
32600
29441
2663
26971
17493
24074
48664
25655
48257
30578
38577
9658
19391
49685
46295
38857
9924
8153
49536
28731
14701
3528
6640
2303
42290
10652
28175
38540
31904
13974
28583
11946
22577
48332
25653
32512
33743
36366
1780
34312
48910
39924
15778
5369
4080
20399
26232
22519
32039
30638
47979
14750
30336
10763
13520
15775
39631
1119
17367
23749
6217
7825
43431
43727
4858
3625
37534
44250
27805
5906
44778
44988
17133
32334
48265
20136
12597
32743
29466
12090
40665
47267
11474
8572
24213
23581
44258
36929
34737
7809
45795
43711
27177
45550
23230
37088
25768
16915
21455
1110
15706
49450
35697
16830
41850
7798
45162
38445
12507
44373
26294
31678
39693
32153
12345
34112
30605
9951
37182
32707
4073
24144
46658
33174
7833
41677
21090
2924
28779
47515
7887
16378
7487
34682
29134
47594
16006
28020
6298
576
6432
19655
40021
3750
5194
7383
14506
8293
22441
6458
2971
4600
38782
25878
38969
35551
13683
48464
30710
30915
16772
19635
21417
40768
22145
46771
10433
9332
998
25450
36428
42868
26269
29152
48320
30567
13630
49867
14836
20549
31179
31192
6447
33309
39465
31285
20907
36228
34933
8584
31145
23538
44902
949
33011
17230
38822
22214
4791
32883
23797
13570
39750
20654
14382
21545
24988
35337
39739
45697
37995
49426
33968
28338
8736
1540
33881
6706
40287
12491
22942
46706
5354
200
27412
37422
1923
19435
17848
30574
13791
4113
43871
45689
49609
22336
40350
10545
29874
2982
6626
36658
22686
46372
26254
20981
26226
35636
29728
41666
11887
43432
15207
30393
9325
41193
42146
9476
20093
7188
44919
14063
19982
38175
29456
43402
38807
27631
25762
32916
24345
19695
30775
29450
16188
20084
40824
37645
38509
15688
188
373
4889
44352
46274
11057
16343
8801
22179
45813
40076
17319
9258
2389
41494
28621
10030
16586
46787
15168
43285
47069
13785
49544
33657
22427
11451
18907
14865
872
17387
37352
42436
40001
24203
32737
48945
39177
2879
28277
43762
24314
36587
14206
41424
1765
25458
32245
454
29330
33042
18861
5517
35238
935
27306
24408
15356
15358
2098
40461
15917
17934
32021
48673
37936
20647
28196
13212
26361
7182
36046
31740
22860
25067
8982
419
31232
49221
7510
34675
16117
27403
9643
34414
36541
35217
13755
40111
17243
7181
21137
2698
10490
40653
19005
12202
1480
24151
42877
11558
40801
33117
31282
36521
41383
45635
38676
39571
34555
35075
8698
3867
1132
41209
49959
36417
39213
34071
16066
9505
30115
21682
39343
43628
44583
23091
16392
6865
25643
32690
1582
24529
40384
13850
43489
45139
18637
33397
49175
21905
28094
10483
39315
34068
43441
37024
3069
48071
30840
36907
37689
7426
34436
11796
5631
18606
47581
18065
4523
11267
34932
27932
42930
14757
42182
32957
30453
36883
8876
38493
27921
41740
41975
1349
22018
17259
24404
41870
42350
11179
21460
22326
17112
13676
21927
31422
3880
28486
17633
35249
23790
46307
30267
29969
40509
24576
49186
17584
1209
47422
9467
10877
45724
29653
39878
19304
13334
41213
33621
4846
28300
21659
30265
2580
26007
19299
45521
43362
14871
40767
42986
7684
30970
16386
6503
2416
27587
27409
16775
43316
5090
13211
2431
25053
42967
42090
11039
30085
27703
5602
9306
8440
44082
29336
47989
14940
45849
48268
14630
9823
5454
630
33668
8278
21285
32455
42062
19992
33102
45307
44838
39007
49117
10102
2641
33445
15095
44962
4499
7671
48516
281
43830
25370
3295
9207
36249
28398
40984
45616
18322
16093
13393
42795
19507
48833
48914
21900
49954
34608
14211
12232
14954
31808
6025
19526
20001
2845
43315
37483
8794
23736
30989
33696
15972
30112
6086
31923
25440
11665
38158
9968
42958
20604
17004
32121
1219
29055
45015
26192
35058
19212
6337
12539
44460
5916
41809
14556
3975
18944
43701
36664
34389
16037
36603
43987
32030
46027
5824
734
6206
18368
15929
26210
4428
46346
20728
7762
25982
47700
31873
14913
28365
17034
32795
39554
40644
35269
921
14463
1916
40685
25205
18134
23900
43642
1513
32268
4397
40237
23209
23672
16796
30098
42317
29893
9995
3284
18262
6965
3512
32650
17984
7941
2848
27572
27785
13198
15234
41981
8636
7379
25184
39096
19460
2614
35620
32297
36119
41772
37125
35435
5109
17551
46478
20421
14741
17065
12131
38163
35188
2351
20425
28032
18123
42166
41931
12881
10725
15840
37797
40988
12354
13763
39858
15027
41417
14481
30817
39145
20092
47431
46849
14236
2282
31206
25805
7537
12130
49670
19249
46497
32592
26255
9142
46015
31903
45623
47814
12304
8033
3358
20430
3167
11834
8610
43260
33583
14997
28111
49288
46291
36472
14489
48676
10158
46462
33627
3492
1268
17107
6386
27894
35668
40819
39347
8418
17240
18966
27455
11383
49653
10778
35161
12678
12025
28042
30362
33260
22572
11429
10981
36774
14899
22598
13273
11005
36072
337
11840
30836
10215
2063
39622
13377
12165
28836
9847
28802
20343
34976
31958
29070
30625
1705
31065
45121
13485
43267
2185
1224
37543
28129
18363
35916
5776
10179
45090
43715
39533
49463
1359
47747
36303
14305
3020
43358
48051
35661
14520
10051
23292
38715
13193
49629
45783
28826
42007
5803
27620
31534
31735
37473
44602
16617
46773
24283
23978
38241
27066
13877
29195
5871
15362
20446
24747
24819
47216
33354
37572
4372
10017
27617
27486
37224
20190
24155
9388
7197
41134
36490
26421
38808
6032
26801
7727
3847
36662
7094
24710
18825
21214
6300
1871
8442
12686
43206
9502
32683
10288
11708
9734
35608
42288
13260
11581
21387
16355
42508
27664
25819
36283
21082
10764
14143
27372
8020
32777
8227
739
43920
11526
5853
32079
39837
40024
18981
33885
39663
48252
40126
2183
6916
42383
27899
24049
18521
38732
49266
13307
22447
36921
18600
18219
11963
46804
26582
27099
49393
40776
4392
1942
19946
8483
17511
36480
6542
15325
11659
44803
42631
28590
44598
45028
47358
3175
9817
17834
49492
34246
48867
35839
35195
7974
43660
42287
42786
13449
41
33755
46582
34181
26705
2552
10014
41717
49000
