18,46816
27,45299
47,19640
96,72164
810,51528
888,27267
916,6769
945,21080
961,39508
1002,16632
1047,60792
1078,72702
1349,97465
1357,6385
1481,32862
1688,58770
1732,83057
1751,2453
1789,1186
1831,12223
1872,6519
1995,45242
2071,39822
2166,74254
2262,48775
2604,77960
2622,67777
2675,76070
2748,446
2909,21110
3024,40486
3337,7034
3395,4044
3437,38800
3451,89142
3476,49410
3515,33067
3844,7162
3918,40048
3927,36694
3967,38117
3999,76313
4000,35174
4082,26126
4187,81951
4214,40931
4348,67923
4390,67708
4527,31266
4548,9571
4594,33011
4668,16702
4831,13565
4875,26377
5171,30859
5225,44799
5294,88752
5447,35718
5458,37792
5463,92680
5475,10633
5596,76511
5760,33277
5935,18438
6050,7490
6281,38503
6490,97784
6543,65166
6699,92456
6797,70442
7152,39087
7182,11567
7443,78847
7614,50054
7616,84613
7700,88148
7738,29611
7764,18994
7836,23877
7883,861
7942,76838
7953,24284
8131,23659
8310,23325
8412,47456
8428,73448
8516,88816
8565,69923
8614,54995
8706,59109
8769,3242
9273,81823
9294,2321
9372,41454
9389,80240
9492,61757
9519,15343
9650,58907
9687,40690
9862,6600
10000,63420
10370,9229
10499,43339
10522,38753
10548,91425
10582,23757
10679,67264
10891,36757
10965,22732
11162,42941
11227,33454
11464,39729
11572,74252
11641,73643
11824,14581
11841,72095
12201,64426
12238,54311
12246,16927
12354,7249
12478,68179
12506,45743
12682,19118
12698,85341
12884,47732
13151,6074
13170,7440
13266,39272
13268,90500
13700,76191
13834,62153
13916,3187
13990,4811
14014,59922
14032,99793
14107,52951
14325,27120
14363,69571
14510,16274
14591,16156
14843,58584
14896,99293
14938,2373
14975,69838
15032,76862
15090,81178
15201,38319
15367,25045
15455,54857
15541,82713
15574,59857
15828,90997
15855,77172
15883,5477
15978,13886
15985,723
16112,42214
16175,64571
16232,19605
16303,9361
16382,92123
16457,85507
16562,36000
16601,43569
16650,40681
16696,20849
17132,75968
17499,95106
17676,60671
17767,85530
17817,65288
18161,43693
18535,11786
18844,4894
18951,56648
18969,75096
19158,21419
19269,15282
19380,18288
19418,56838
19458,22736
19574,37147
19616,43787
19683,83304
19691,85396
19760,34530
19832,25178
19857,15881
19868,96854
20045,67880
20095,48509
20224,68858
20263,69055
20434,28208
20601,98539
20657,50220
20776,72318
20907,57331
20912,93954
20935,36856
21017,17595
21362,70775
21367,73943
21383,613
21549,53779
21829,67018
22027,32307
22161,35508
22207,25993
22282,82376
22425,38269
22866,5037
22923,19296
23032,73053
23336,27955
23359,47437
23441,45959
23530,74268
23597,17781
23945,37889
24452,2794
24484,40272
24630,98636
24702,39527
24740,71467
24841,43466
24862,48232
25006,26043
25038,41652
25169,30449
25172,7702
25232,24091
25289,85894
25494,90078
25550,52892
25838,43170
25847,16350
25848,17761
25867,43279
26081,51044
26136,49819
26314,25520
26590,76680
26718,71611
27143,90129
27185,68490
27277,72119
27426,39664
27523,20450
27620,13922
27916,87341
27942,9287
28056,5600
28103,39902
28120,11177
28240,64307
28317,22209
28321,84716
28439,26688
28562,47854
28566,16626
28599,65927
28802,30391
28910,87469
29015,95948
29148,887
29356,22941
29377,32670
29417,53584
29464,87959
29502,91482
29505,96539
29532,58212
29544,1625
29696,72034
29910,76645
29976,57386
30112,20587
30117,80696
30263,50113
30858,21653
30916,43352
31026,2736
31077,58724
31114,84136
31217,21812
31239,99569
31274,54948
31409,25631
31812,10551
31902,91958
32011,20143
32014,42412
32085,35036
32171,4928
32222,93504
32343,28017
32479,81202
32503,9529
32587,82945
32628,1255
32863,1470
33068,38437
33123,45851
33267,13059
33423,69232
33433,30033
33483,39089
33605,30616
33828,64543
33864,97243
34007,98887
34120,70067
34232,2941
34604,71960
34670,64510
34859,23232
34986,78069
35001,95620
35191,61850
35251,44326
35263,29335
35593,18263
35619,10377
35637,53896
35673,79623
35737,24747
35784,33819
36046,11240
36088,64387
36250,67759
36259,32104
36266,26953
36285,64219
36325,59824
36578,4958
36579,6752
36604,3685
36887,99114
37211,77128
37260,14786
37390,27416
37438,39335
37916,19307
38004,53026
38067,31571
38076,27031
38181,14803
38276,29628
38376,97650
38390,72008
38445,30937
38478,91453
38588,85739
38612,80721
38754,47347
38773,87001
39151,77570
39161,16231
39317,23375
39456,98243
39476,93711
39543,92100
39569,59813
39618,99545
39705,61356
39801,99278
39998,44732
40144,2485
40214,17732
40287,67781
40303,74557
40430,67171
40531,54269
40539,65615
40544,98326
40608,37112
40609,13475
40643,23186
40740,83231
40801,19600
41189,37204
41205,47427
41279,69554
41315,10928
41419,50053
41642,81418
41788,57365
41934,52092
41960,83004
42078,43763
42499,87855
42541,47300
42601,74386
42609,83905
42629,41389
42735,9115
42806,32820
42840,92319
42964,65678
43004,65707
43206,48011
43212,16551
43258,39468
43331,45790
43538,940
43781,43597
43933,95887
44078,55592
44134,36016
44179,15067
44247,15668
44873,52260
44885,80717
45157,5073
45250,19792
45378,36207
45399,43645
45644,94251
45774,89483
45868,79861
45947,46062
45962,50866
46076,54206
46130,51430
46150,97699
46192,87878
46351,58801
46614,43576
46702,88720
46891,96196
46910,43900
46974,61708
47068,48252
47098,58164
47161,74679
47172,30870
47191,94109
47199,1796
47206,65035
47654,63618
47700,94059
47741,56711
47768,57116
47882,6288
47883,55369
47910,3902
48093,75500
48221,21401
48411,3668
48465,314
48498,67853
48514,84812
48563,61446
48580,20314
48628,12633
48734,66391
49034,60552
49314,76480
49490,48445
49516,16230
49544,51463
49619,93480
49828,52570
49838,46621
49871,66509
49998,41484
50034,49363
50057,1309
50071,39745
50131,83221
50266,29297
50611,61061
50624,70925
50651,68480
50838,28689
50943,66784
51104,93284
51293,61020
51425,789
51542,24067
51611,72515
51695,7939
51725,23137
51763,8498
52111,85389
52302,87613
52335,69716
52438,47913
52507,81691
52520,33664
52557,86357
52628,87312
52646,90293
52739,23595
52778,7900
52893,31913
52896,99788
53103,23138
53238,65949
53243,5185
53308,35558
53427,5871
53479,66260
53492,5157
53540,60299
53569,14534
53580,19943
53685,50648
53708,35571
53710,3959
53752,28363
53783,19318
53837,30905
53881,8130
53965,15217
54016,3064
54145,5703
54156,12361
54292,57608
54315,50275
54609,20047
54680,65939
54685,13145
54944,20868
54952,7336
55043,42532
55080,79001
55121,28212
55183,5916
55197,42568
55200,79953
55309,41916
55471,70475
55479,26645
55552,25192
55647,61317
55679,1566
55688,95353
55756,87744
55871,71763
55942,54757
55987,46722
56041,24352
56097,56836
56133,43560
56134,81073
56148,45282
56166,25151
56300,50906
56303,92791
56311,48603
56337,55043
56446,36817
56743,54020
56796,93662
56839,91818
56955,83078
57147,4861
57408,89339
57462,29724
57470,26211
57555,76450
57579,91581
57601,41742
57628,40155
57639,26769
57672,51638
57763,80283
57796,32430
57799,75929
57871,86073
57955,14569
58230,18416
58263,97102
58603,22097
58669,3029
58672,50151
58686,67125
59059,26477
59075,81376
59130,37888
59159,94265
59197,61412
59236,69843
59295,97441
59307,57011
59325,31137
59374,58877
59497,40039
59553,50979
59607,91942
59731,40638
59966,15093
59980,9916
60258,23104
60289,26894
60605,70821
60669,95783
60943,1693
61049,55795
61101,43524
61365,65330
61551,30444
61582,84239
61633,8803
61727,1251
61747,76651
61774,94260
61891,80191
61926,24931
61985,61455
62159,44943
62253,97031
62265,87061
62372,79300
62392,69793
62675,17346
62836,1703
63174,6853
63196,75144
63220,16426
63357,96882
63411,97702
63482,54924
63492,2501
63672,38171
63727,27682
63852,38176
63901,88525
63943,76870
64063,25728
64084,13515
64170,43715
64244,78613
64270,28493
64311,80309
64338,15977
64635,5057
64666,84823
64670,23161
64731,52939
64801,3278
64878,23011
64944,30377
64959,6260
65020,30355
65065,87700
65110,84543
65147,32902
65287,33423
65336,48965
65511,66822
65627,20405
65716,99819
65820,97012
65860,77430
65903,77273
65977,19164
66078,46439
66109,64541
66140,44669
66404,98439
66523,66501
66600,76259
66896,98136
66950,16992
67116,34170
67370,98524
67831,61226
67970,93582
68317,53406
68367,66680
68407,28290
68415,56840
68501,74053
68561,96059
68598,915
68613,24135
68729,92683
68791,11167
69030,25262
69040,79049
69106,83878
69224,18054
69408,84046
69553,11034
69707,63646
69790,25524
69957,89155
70032,72263
70104,35815
70124,72209
70238,21917
70299,24206
70591,68674
70644,88585
70698,22892
70816,37209
70949,70721
71086,47927
71101,86007
71355,46376
71420,28187
71429,73303
71511,70207
71779,9430
71828,7963
71882,35919
71940,12511
72154,62715
72224,64166
72293,24373
72298,34124
72313,73161
72379,57732
72381,31836
72413,99305
72457,94948
72522,91953
72636,17315
72655,45346
72736,52101
72846,30763
72925,41265
73094,10944
73106,25142
73164,13769
73221,55889
73302,32548
73352,41802
73359,99003
73383,65465
73608,53549
74012,16608
74211,62310
74406,82050
74438,27838
74619,51530
74803,40996
74865,19666
74934,7471
75078,74251
75082,46623
75119,20193
75293,68045
75305,30399
75404,42076
75666,11507
75778,71347
75780,53314
75802,88603
75805,56475
75813,92409
75826,84422
75878,84566
75881,8251
75900,63336
75928,1984
76057,70958
76076,23025
76116,66826
76317,69530
76371,52963
76465,54061
76710,90261
76716,72268
76724,97388
76782,65278
76970,1414
77139,20042
77284,61908
77344,19173
77383,25187
77427,67875
77575,86739
77630,97712
77724,40830
77867,10898
77929,99844
78087,70642
78104,49494
78249,3634
78277,94648
78329,88669
78492,39885
78542,401
78589,55410
78609,34377
78703,14866
78797,44049
78938,87689
79099,97262
79225,93222
79430,65951
79447,79459
79704,86934
80244,81596
80294,58158
80303,36869
80415,47033
80437,5243
80687,43004
80703,53991
80751,5342
80774,18560
80849,67819
80856,58526
80919,29411
80937,21221
81061,44627
81074,53768
81092,16840
81136,82116
81154,6972
81268,53919
81371,95401
81397,50203
81648,55016
81789,4096
81819,71573
81872,50644
82053,27674
82060,94324
82077,50567
82146,47329
82204,83158
82281,67425
82312,65974
82458,71896
82493,77753
82501,69367
82625,50334
82685,22655
82689,67568
83024,37933
83056,31429
83067,54270
83127,89682
83174,40994
83464,34554
83676,86462
83713,29050
83768,32687
83777,58215
83810,71497
83911,96115
84013,73985
84083,7486
84288,94078
84491,73914
84657,65940
84777,15869
84838,39519
84851,37563
85035,78668
85465,87456
85961,45030
85962,36982
86048,30071
86256,80442
86285,289
86351,58216
86426,61485
86565,61397
86916,69196
86918,8272
86942,24487
86951,8735
86993,51741
87094,32951
87171,8675
87224,43327
87276,66207
87368,62170
87451,84546
87523,94458
87730,48460
87754,22604
87965,3843
87974,7975
88039,17801
88199,60002
88222,99863
88326,36844
88577,83477
88607,84990
88868,18684
89028,39682
89155,98454
89166,47498
89460,19406
89526,56461
89739,62505
89748,16468
89815,52514
90055,5423
90203,25337
90230,59680
90255,23007
90270,12867
90342,86530
90489,81099
90737,94119
91324,70726
91384,24081
91456,32282
91540,80086
91628,91338
91677,88941
91696,31487
91786,18691
91791,49737
91843,34008
91971,82298
92135,41608
92229,27676
92300,83373
92307,19215
92431,38700
92554,21849
92593,1925
92614,68016
92644,65568
92652,55464
92765,64322
92902,49786
92943,14836
93000,39114
93080,96357
93192,34476
93330,44985
93488,34899
93946,84269
93952,86318
94100,3686
94234,41926
94284,57955
94315,11311
94491,15143
94532,56429
94645,36446
94684,90154
94780,65480
94789,652
94839,37823
94947,5618
94964,47193
95219,74984
95258,10115
95276,95466
95319,96517
95434,43706
95459,35974
95461,52617
95606,48545
95729,86006
95867,79628
96071,81371
96073,83604
96239,34257
96430,20333
96438,21604
96473,76770
96487,11638
96667,97019
96778,26095
96787,19645
96821,29919
96826,98549
96868,54728
96907,33166
96918,95932
96950,43428
97050,66323
97196,29689
97220,6161
97229,47808
97245,12960
97253,16242
97348,62388
97376,64075
97573,59782
97600,14817
97641,15792
97806,38936
97902,91743
98138,85480
98140,23652
98292,47081
98363,19701
98477,57225
98667,56752
99007,29061
99089,87050
99101,17728
99255,88205
99424,87436
99642,94560
99977,16643
