
Output of quicksort:
13
348
467
525
540
660
742
1099
1277
1358
1488
1749
1779
1787
1832
1859
1997
2168
2259
2499
2528
2564
2582
2677
2758
2782
2870
2909
2913
3058
3308
3313
3426
3533
3603
3663
3937
4073
4183
4254
4383
4427
4460
4553
4599
4901
5088
5112
5119
5167
5175
5185
5417
5740
5884
5969
6010
6244
6356
6521
6730
7077
7141
7185
7188
7274
7518
7706
7739
8462
8483
8628
8677
8763
8772
8876
8882
8974
9056
9234
9263
9323
9331
9338
9351
9478
9495
9526
9578
9589
9610
9636
9669
9678
9765
9855
9871
9880
9917
9949
10043
10172
10195
10200
10559
10564
10647
10738
10794
10953
11012
11013
11057
11217
11245
11451
11528
11566
11632
11983
12080
12184
12284
12300
12347
12530
12617
12625
12669
12682
12696
12771
12784
12928
12966
13204
13254
13328
13355
13397
13478
13485
13500
13516
13628
13760
13835
13865
13930
14202
14307
14514
14616
14756
14863
15171
15205
15293
15326
15582
15765
15833
15843
15915
16010
16211
16537
16697
17019
17219
17290
17308
17344
17621
17796
17832
17935
17966
18065
18107
18119
18341
18550
18659
18799
18864
18911
18988
18993
19021
19088
19097
19123
19147
19174
19299
19369
19389
19664
19834
19853
19960
20264
20362
20631
20699
20719
20913
20930
21260
21332
21402
21504
21647
21712
21821
21826
21834
21842
21944
21979
22022
22071
22118
22340
22349
22578
22640
22641
22737
22739
22951
22969
22988
23092
23131
23580
23685
23724
23979
23994
24001
24276
24346
24417
24733
24743
24881
25261
25341
25411
25412
25570
25897
25907
25913
25939
26039
26167
26177
26183
26348
26389
26431
26532
26630
26783
26903
27005
27010
27029
27187
27213
27436
27455
27507
27534
27823
27966
28163
28187
28227
28373
28391
28558
28572
28620
28627
28725
28759
28875
28925
28930
28948
28962
29203
29267
29321
29339
29515
29605
29616
29653
29654
29849
29871
29881
30371
30509
30537
30614
30769
30880
30961
31088
31150
31198
31292
31381
31464
31473
31537
31648
31672
31682
31892
31959
32012
32078
32089
32164
32275
32331
32689
32761
32966
33028
33208
33257
33360
33519
33529
33611
33924
34058
34095
34468
34575
34893
35110
35148
35152
35337
35353
35451
35642
35692
36155
36239
36326
36414
36504
36535
36660
36735
36869
36898
37231
37285
37574
38009
38199
38238
38351
38620
38661
38776
38868
38942
39004
39010
39034
39060
39140
39200
39596
39670
39696
39725
39760
39828
39955
39961
39979
39981
40015
40100
40204
40309
40370
40371
40422
40425
40467
40541
40544
40864
40871
40933
41250
41454
41553
41986
41993
42068
42135
42149
42219
42276
42306
42444
42855
42870
43082
43119
43198
43264
43604
43627
43688
43749
43807
43842
43885
44044
44320
44373
44472
44570
44595
44681
44721
44850
44888
44936
44985
45137
45180
45184
45220
45303
45429
45435
45564
45574
45592
46114
46148
46255
46398
46488
46615
46686
46819
47017
47066
47078
47208
47213
47326
47354
47386
47454
47555
47596
47705
47787
47807
47997
48178
48208
48222
48321
48577
48586
48795
48813
48930
49014
49068
49139
49216
49250
49272
49372
49401
49598
49762
49844
49970

Output of heapsort:
13
348
467
525
540
660
742
1099
1277
1358
1488
1749
1779
1787
1832
1859
1997
2168
2259
2499
2528
2564
2582
2677
2758
2782
2870
2909
2913
3058
3308
3313
3426
3533
3603
3663
3937
4073
4183
4254
4383
4427
4460
4553
4599
4901
5088
5112
5119
5167
5175
5185
5417
5740
5884
5969
6010
6244
6356
6521
6730
7077
7141
7185
7188
7274
7518
7706
7739
8462
8483
8628
8677
8763
8772
8876
8882
8974
9056
9234
9263
9323
9331
9338
9351
9478
9495
9526
9578
9589
9610
9636
9669
9678
9765
9855
9871
9880
9917
9949
10043
10172
10195
10200
10559
10564
10647
10738
10794
10953
11012
11013
11057
11217
11245
11451
11528
11566
11632
11983
12080
12184
12284
12300
12347
12530
12617
12625
12669
12682
12696
12771
12784
12928
12966
13204
13254
13328
13355
13397
13478
13485
13500
13516
13628
13760
13835
13865
13930
14202
14307
14514
14616
14756
14863
15171
15205
15293
15326
15582
15765
15833
15843
15915
16010
16211
16537
16697
17019
17219
17290
17308
17344
17621
17796
17832
17935
17966
18065
18107
18119
18341
18550
18659
18799
18864
18911
18988
18993
19021
19088
19097
19123
19147
19174
19299
19369
19389
19664
19834
19853
19960
20264
20362
20631
20699
20719
20913
20930
21260
21332
21402
21504
21647
21712
21821
21826
21834
21842
21944
21979
22022
22071
22118
22340
22349
22578
22640
22641
22737
22739
22951
22969
22988
23092
23131
23580
23685
23724
23979
23994
24001
24276
24346
24417
24733
24743
24881
25261
25341
25411
25412
25570
25897
25907
25913
25939
26039
26167
26177
26183
26348
26389
26431
26532
26630
26783
26903
27005
27010
27029
27187
27213
27436
27455
27507
27534
27823
27966
28163
28187
28227
28373
28391
28558
28572
28620
28627
28725
28759
28875
28925
28930
28948
28962
29203
29267
29321
29339
29515
29605
29616
29653
29654
29849
29871
29881
30371
30509
30537
30614
30769
30880
30961
31088
31150
31198
31292
31381
31464
31473
31537
31648
31672
31682
31892
31959
32012
32078
32089
32164
32275
32331
32689
32761
32966
33028
33208
33257
33360
33519
33529
33611
33924
34058
34095
34468
34575
34893
35110
35148
35152
35337
35353
35451
35642
35692
36155
36239
36326
36414
36504
36535
36660
36735
36869
36898
37231
37285
37574
38009
38199
38238
38351
38620
38661
38776
38868
38942
39004
39010
39034
39060
39140
39200
39596
39670
39696
39725
39760
39828
39955
39961
39979
39981
40015
40100
40204
40309
40370
40371
40422
40425
40467
40541
40544
40864
40871
40933
41250
41454
41553
41986
41993
42068
42135
42149
42219
42276
42306
42444
42855
42870
43082
43119
43198
43264
43604
43627
43688
43749
43807
43842
43885
44044
44320
44373
44472
44570
44595
44681
44721
44850
44888
44936
44985
45137
45180
45184
45220
45303
45429
45435
45564
45574
45592
46114
46148
46255
46398
46488
46615
46686
46819
47017
47066
47078
47208
47213
47326
47354
47386
47454
47555
47596
47705
47787
47807
47997
48178
48208
48222
48321
48577
48586
48795
48813
48930
49014
49068
49139
49216
49250
49272
49372
49401
49598
49762
49844
49970

Output of introsort:
13
348
467
525
540
660
742
1099
1277
1358
1488
1749
1779
1787
1832
1859
1997
2168
2259
2499
2528
2564
2582
2677
2758
2782
2870
2909
2913
3058
3308
3313
3426
3533
3603
3663
3937
4073
4183
4254
4383
4427
4460
4553
4599
4901
5088
5112
5119
5167
5175
5185
5417
5740
5884
5969
6010
6244
6356
6521
6730
7077
7141
7185
7188
7274
7518
7706
7739
8462
8483
8628
8677
8763
8772
8876
8882
8974
9056
9234
9263
9323
9331
9338
9351
9478
9495
9526
9578
9589
9610
9636
9669
9678
9765
9855
9871
9880
9917
9949
10043
10172
10195
10200
10559
10564
10647
10738
10794
10953
11012
11013
11057
11217
11245
11451
11528
11566
11632
11983
12080
12184
12284
12300
12347
12530
12617
12625
25897
25570
25412
25411
25341
25261
24881
24743
24733
24417
24346
24276
24001
23994
23979
23724
23685
23580
23131
23092
22988
22969
22951
22739
22737
22641
22640
22578
22349
22340
22118
22071
22022
21979
21944
21842
21834
21826
21821
21712
21647
21504
21402
21332
21260
20930
20913
20719
20699
20631
20362
20264
19960
19853
19834
19664
19389
19369
19299
19174
19147
19123
19097
19088
19021
18993
18988
18911
18864
18799
18659
18550
18341
18119
18107
18065
17966
17935
17832
17796
17621
17344
17308
17290
17219
17019
16697
16537
16211
16010
15915
15843
15833
15765
15582
15326
15293
15205
15171
14863
14756
14616
14514
14307
14202
13930
13865
13835
13760
13628
13516
13500
13485
13478
13397
13355
13328
13254
13204
12966
12928
12784
12771
12696
12682
12669
25907
34575
34468
34095
34058
33924
33611
33529
33519
33360
33257
33208
33028
32966
32761
32689
32331
32275
32164
32089
32078
32012
31959
31892
31682
31672
31648
31537
31473
31464
31381
31292
31198
31150
31088
30961
30880
30769
30614
30537
30509
30371
29881
29871
29849
29654
29653
29616
29605
29515
29339
29321
29267
29203
28962
28948
28930
28925
28875
28759
28725
28627
28620
28572
28558
28391
28373
28227
28187
28163
27966
27823
27534
27507
27455
27436
27213
27187
27029
27010
27005
26903
26783
26630
26532
26431
26389
26348
26183
26177
26167
26039
25939
25913
34893
35110
35148
35152
35337
35353
35451
35642
35692
36155
36239
36326
36414
36504
36535
36660
36735
36869
36898
37231
43627
43604
43264
43198
43119
43082
42870
42855
42444
42306
42276
42219
42149
42135
42068
41993
41986
41553
41454
41250
40933
40871
40864
40544
40541
40467
40425
40422
40371
40370
40309
40204
40100
40015
39981
39979
39961
39955
39828
39760
39725
39696
39670
39596
39200
39140
39060
39034
39010
39004
38942
38868
38776
38661
38620
38351
38238
38199
38009
37574
37285
43688
43749
43807
43842
43885
46398
46255
46148
46114
45592
45574
45564
45435
45429
45303
45220
45184
45180
45137
44985
44936
44888
44850
44721
44681
44595
44570
44472
44373
44320
44044
46488
46615
46686
46819
47017
47066
47078
47208
47213
47326
47354
47386
47454
47555
47596
47705
47787
47807
47997
48178
48208
48222
48321
48577
48586
48795
48813
48930
49014
49068
49139
49216
49250
49272
49372
49401
49598
49762
49844
49970
